100
154
1 11
1 2
2 1
2 3
3 13
3 2
3 4
4 14
4 3
4 5
5 15
5 4
8 18
8 9
9 19
9 8
10 11
11 1
11 21
11 10
13 3
13 23
13 14
14 4
14 24
14 13
14 15
15 5
15 14
15 16
16 15
16 17
17 27
17 16
17 18
18 8
18 17
18 19
19 9
19 18
21 11
21 31
23 13
23 24
24 14
24 23
27 17
27 37
30 40
30 31
31 21
31 30
31 32
32 31
36 46
36 37
37 27
37 47
37 36
39 49
40 30
40 50
43 53
43 44
44 54
44 43
44 45
45 44
45 46
46 36
46 56
46 45
46 47
47 37
47 46
47 48
48 47
48 49
49 39
49 59
49 48
50 40
50 60
53 43
53 63
53 54
54 44
54 53
56 46
56 66
59 49
59 69
60 50
60 61
61 71
61 60
61 62
62 61
62 63
63 53
63 73
63 62
65 75
65 66
66 56
66 65
66 67
67 77
67 66
67 68
68 78
68 67
68 69
69 59
69 79
69 68
71 61
71 81
73 63
75 65
75 85
77 67
77 78
78 68
78 77
78 79
79 69
79 78
81 71
81 91
84 94
84 85
85 75
85 95
85 84
85 86
86 96
86 85
90 91
91 81
91 90
91 92
92 91
92 93
93 92
93 94
94 84
94 93
94 95
95 85
95 94
95 96
96 86
96 95