1024
11544
558 905
558 882
558 965
558 566
558 563
558 881
868 953
868 885
868 912
868 875
868 934
868 873
868 914
960 970
960 1006
960 968
960 975
960 978
389 398
389 761
389 541
389 489
389 494
389 491
389 395
677 681
677 952
677 679
677 729
677 950
677 1008
892 905
892 894
584 889
584 713
584 990
584 900
584 589
30 502
30 34
30 656
30 317
30 79
30 607
30 503
30 292
30 785
30 281
30 44
30 541
30 118
30 883
30 31
30 288
30 499
30 501
30 798
801 810
746 1016
746 855
746 758
746 957
746 936
746 835
813 828
22 825
22 792
22 782
304 690
1000 1015
1000 1002
1000 1005
1000 1014
534 596
534 739
216 868
216 689
216 885
216 912
216 277
216 535
216 695
216 641
216 300
216 875
216 372
216 286
216 873
216 697
216 914
538 949
817 1001
817 846
817 855
817 858
817 829
817 903
817 981
817 1023
817 917
817 835
817 865
290 663
290 778
290 400
290 409
290 673
938 944
938 940
938 939
230 701
230 387
230 265
230 524
230 691
230 235
230 693
230 955
230 976
230 248
230 487
230 770
230 419
230 717
230 891
230 264
230 731
230 692
230 912
230 247
230 547
230 671
230 503
230 532
230 292
230 233
230 246
230 253
230 370
230 954
230 962
230 551
230 968
230 272
230 651
230 437
230 714
230 391
230 578
230 332
230 577
230 234
230 874
230 917
230 975
230 263
230 715
230 252
230 872
175 750
175 820
175 749
175 177
175 755
175 176
175 753
860 997
860 861
987 991
997 1004
27 868
27 389
27 30
27 813
27 216
27 166
27 422
27 157
27 78
27 34
27 953
27 191
27 197
27 28
27 958
27 42
27 482
27 689
27 41
27 357
27 96
27 625
27 345
27 317
27 195
27 213
27 238
27 81
27 190
27 159
27 749
27 964
27 76
27 607
27 492
27 283
27 973
27 32
27 82
27 615
27 496
27 62
27 761
27 641
27 177
27 933
27 959
27 45
27 295
27 647
27 281
27 539
27 481
27 231
27 961
27 300
27 456
27 493
27 488
27 174
27 241
27 541
27 223
27 176
27 497
27 460
27 160
27 286
27 120
27 318
27 483
27 215
27 738
27 489
27 31
27 494
27 103
27 697
27 381
27 173
27 156
27 187
27 630
27 705
27 220
27 734
27 395
249 701
249 353
249 402
249 891
249 783
249 915
249 898
249 900
249 380
249 346
249 349
249 715
249 252
780 812
374 701
374 504
374 487
374 830
374 516
374 510
374 507
374 437
374 861
374 483
374 606
374 715
374 705
374 654
374 501
374 716
374 589
374 613
374 520
374 421
166 813
166 175
166 422
166 750
166 191
166 358
166 795
166 224
166 277
166 802
166 796
166 855
166 190
166 752
166 820
166 749
166 492
166 973
166 834
166 633
166 615
166 580
166 192
166 761
166 739
166 785
166 755
166 981
166 748
166 787
166 469
166 488
166 174
166 223
166 176
166 821
166 799
166 229
166 491
166 865
166 753
166 194
166 789
166 734
166 736
645 656
284 733
284 698
284 537
284 692
284 535
913 920
754 756
422 645
422 464
422 656
422 977
422 487
422 515
422 878
422 973
422 503
422 506
422 500
422 647
422 785
422 1006
422 787
422 541
422 548
422 465
422 975
422 499
422 866
422 491
422 705
422 789
422 736
571 949
571 854
571 894
232 534
232 938
232 665
232 913
232 387
232 474
232 459
232 579
232 637
232 661
232 259
232 924
232 870
232 970
232 486
232 458
232 235
232 656
232 976
232 871
232 258
232 582
232 882
232 438
232 770
232 426
232 357
232 237
232 529
232 317
232 419
232 369
232 806
232 742
232 717
232 856
232 264
232 692
232 885
232 912
232 439
232 285
232 417
232 915
232 752
232 270
232 455
232 251
232 398
232 271
232 607
232 776
232 344
232 596
232 662
232 262
232 580
232 292
232 593
232 739
232 939
232 303
232 233
232 745
232 942
232 240
232 485
232 785
232 877
232 588
232 281
232 425
232 628
232 863
232 1017
232 236
232 287
232 575
232 370
232 954
232 962
232 441
232 390
232 712
232 403
232 968
232 401
232 340
232 472
232 272
232 241
232 347
232 411
232 371
232 790
232 906
232 639
232 883
232 632
232 850
232 581
232 936
232 346
232 694
232 286
232 576
232 826
232 622
232 577
232 234
232 917
232 530
232 843
232 263
232 254
232 499
232 528
232 678
232 375
232 337
232 597
232 623
232 943
232 1011
232 583
232 367
204 394
204 209
204 752
204 617
204 973
204 602
204 981
204 522
204 436
204 554
204 527
204 865
204 753
901 907
901 992
901 941
901 951
901 945
901 971
718 1013
452 691
452 968
490 868
490 683
490 746
490 538
490 1016
490 958
490 949
490 989
490 731
490 531
490 810
490 516
490 831
490 633
490 496
490 933
490 519
490 895
490 954
490 980
490 936
490 1023
490 494
490 630
490 963
387 645
387 524
387 464
387 770
387 891
387 416
387 915
387 398
387 776
387 503
387 768
387 403
387 968
387 401
387 651
387 694
387 391
387 578
387 866
740 979
740 769
740 795
740 802
740 771
740 869
740 838
740 857
740 942
740 741
740 822
414 573
414 949
414 638
414 849
414 894
414 565
414 660
414 805
414 555
282 466
282 494
362 953
362 933
362 704
362 483
362 381
362 383
560 763
560 574
560 674
560 722
504 996
612 908
612 719
612 815
948 1016
948 953
948 955
948 949
948 989
948 951
948 957
948 971
948 956
157 357
157 238
157 340
157 346
498 868
498 663
498 967
498 953
498 958
498 964
498 516
498 635
498 974
498 620
498 933
498 696
498 961
498 919
498 966
498 1004
498 969
498 606
498 630
498 705
498 716
498 613
502 550
502 541
502 798
459 913
459 474
459 637
459 928
459 882
459 717
459 885
459 607
459 461
459 1017
459 470
459 460
459 883
459 581
459 622
459 577
459 737
459 467
459 528
579 665
579 645
579 637
579 661
579 795
579 625
579 806
579 658
579 607
579 633
579 627
579 580
579 739
579 657
579 785
579 628
579 651
579 639
579 632
579 821
579 826
579 678
579 630
579 626
13 665
13 259
13 35
13 419
13 52
13 752
13 629
13 636
13 776
13 744
13 662
13 89
13 627
13 55
13 472
13 651
13 694
13 257
13 234
13 917
13 60
13 409
13 610
13 753
13 623
13 243
13 626
750 820
750 755
750 753
265 997
265 653
265 435
265 955
265 976
265 418
265 899
265 891
265 692
265 912
265 915
265 278
265 713
265 427
265 267
265 283
265 671
265 825
265 553
265 404
265 292
265 543
265 898
265 916
265 433
265 432
265 792
265 507
265 380
265 703
265 709
265 694
265 1004
265 687
265 312
265 349
265 606
265 932
265 782
265 429
265 313
265 705
265 716
265 724
265 589
265 266
265 396
265 613
130 816
130 446
130 896
130 132
130 135
130 621
130 134
130 904
130 909
130 436
130 669
130 605
816 853
816 844
816 842
816 910
816 1005
816 818
816 904
816 829
816 903
816 863
816 850
816 845
816 843
816 1012
816 835
816 865
308 317
308 324
308 986
308 461
308 762
78 357
78 877
78 231
78 401
78 241
301 746
301 1010
301 521
301 508
301 1016
301 393
301 330
301 458
301 309
301 693
301 526
301 977
301 326
301 317
301 806
301 537
301 392
301 758
301 636
301 344
301 670
301 904
301 335
301 1009
301 323
301 952
301 303
301 476
301 628
301 897
301 305
301 950
301 748
301 962
301 441
301 536
301 741
301 390
301 634
301 1008
301 302
301 523
301 923
301 850
301 980
301 702
301 936
301 332
301 318
301 343
301 743
301 528
301 835
301 315
301 605
301 978
301 736
301 1011
301 879
773 813
773 778
773 800
773 828
126 617
126 386
524 532
524 712
524 551
1010 1016
1010 1011
521 868
521 526
521 977
521 802
521 796
521 690
521 904
521 834
521 1009
521 657
521 536
521 864
521 634
521 934
521 549
521 850
521 980
521 821
521 835
521 605
521 963
521 736
521 879
569 572
585 839
585 884
585 837
585 824
585 850
341 348
53 521
53 657
53 634
53 821
675 707
675 763
675 758
675 680
675 700
675 702
675 722
675 682
675 716
164 611
164 203
164 207
164 561
164 522
164 375
164 367
508 526
508 556
508 1023
508 626
261 1015
261 1002
261 512
261 326
261 1005
261 364
261 863
261 556
261 448
261 1014
261 564
637 639
394 973
394 959
394 554
328 406
844 846
844 907
844 910
844 849
844 909
844 903
844 847
844 945
844 845
844 865
83 989
83 779
83 111
83 391
83 137
663 828
663 673
600 926
600 839
600 810
600 807
600 709
600 956
67 746
67 853
67 816
67 521
67 585
67 273
67 393
67 846
67 833
67 806
67 742
67 68
67 392
67 887
67 802
67 796
67 758
67 492
67 858
67 344
67 690
67 904
67 869
67 834
67 838
67 909
67 903
67 69
67 745
67 628
67 921
67 536
67 741
67 306
67 821
67 788
67 405
67 865
67 736
67 879
653 701
653 671
653 662
653 898
653 792
653 694
653 715
653 782
653 682
653 841
37 868
37 813
37 304
37 534
37 538
37 166
37 645
37 284
37 422
37 490
37 740
37 502
37 579
37 78
37 524
37 521
37 569
37 53
37 661
37 464
37 953
37 191
37 235
37 59
37 449
37 533
37 656
37 358
37 958
37 949
37 482
37 882
37 979
37 977
37 438
37 769
37 487
37 357
37 96
37 529
37 625
37 345
37 317
37 513
37 122
37 537
37 692
37 599
37 277
37 119
37 86
37 796
37 855
37 270
37 73
37 159
37 964
37 398
37 659
37 76
37 607
37 492
37 319
37 535
37 631
37 322
37 596
37 771
37 214
37 869
37 342
37 973
37 834
37 633
37 838
37 1009
37 82
37 503
37 615
37 580
37 532
37 496
37 857
37 62
37 72
37 761
37 739
37 45
37 69
37 942
37 295
37 660
37 485
37 657
37 785
37 168
37 281
37 519
37 539
37 481
37 556
37 231
37 961
37 305
37 575
37 650
37 536
37 456
37 741
37 864
37 40
37 712
37 551
37 787
37 561
37 469
37 488
37 39
37 174
37 272
37 934
37 241
37 223
37 523
37 118
37 495
37 460
37 522
37 549
37 382
37 980
37 160
37 473
37 38
37 548
37 821
37 361
37 935
37 546
37 116
37 799
37 483
37 738
37 489
37 385
37 494
37 822
37 360
37 530
37 50
37 381
37 343
37 263
37 84
37 423
37 554
37 527
37 525
37 804
37 499
37 528
37 630
37 491
37 608
37 789
37 395
37 454
37 963
37 736
37 85
74 868
74 216
74 276
74 885
74 912
74 635
74 535
74 695
74 619
74 888
74 696
74 875
74 372
74 919
74 873
74 914
446 605
336 362
336 377
336 376
336 940
336 516
336 384
336 704
336 380
336 381
336 383
350 558
350 584
350 585
350 839
350 833
350 882
350 884
350 353
350 885
350 427
350 550
350 511
350 640
350 384
350 837
350 1017
350 351
350 372
350 371
350 883
350 824
350 581
350 366
350 363
350 501
350 706
350 589
350 430
350 881
169 987
540 569
540 572
540 823
540 838
540 880
540 792
540 790
540 803
540 791
540 737
540 542
540 544
181 584
181 188
181 200
307 328
307 766
307 310
307 1018
307 325
307 841
307 430
920 926
34 813
34 41
34 317
34 195
34 594
34 598
34 511
34 615
34 496
34 739
34 45
34 485
34 281
34 495
34 622
34 288
88 637
88 105
88 108
967 969
56 59
56 693
56 976
56 264
56 692
56 885
56 912
56 238
56 292
56 77
56 242
797 868
797 813
797 860
797 839
797 833
797 910
797 840
797 818
797 887
797 802
797 1018
797 902
797 834
797 838
797 880
797 837
797 898
797 824
797 821
797 828
797 803
797 804
797 798
797 841
273 853
464 645
464 466
393 521
393 893
393 982
393 416
393 796
393 1013
393 690
393 904
393 888
393 536
393 440
393 634
393 850
393 581
393 489
393 405
393 835
393 866
393 879
259 419
259 915
259 694
259 917
707 830
707 931
707 720
707 715
707 812
842 844
842 910
842 909
842 903
842 845
842 843
842 865
691 975
953 958
33 683
33 486
33 449
33 382
33 381
870 926
870 920
870 905
870 928
870 893
870 889
870 884
870 911
870 982
870 912
870 887
870 878
870 922
870 915
870 940
870 941
870 904
870 903
870 942
870 888
870 877
870 921
870 945
870 875
870 900
870 954
870 934
870 876
870 936
870 873
870 874
870 917
870 914
870 963
870 1011
870 872
870 879
870 881
161 248
161 426
161 238
161 247
161 503
161 651
161 578
944 993
944 990
944 986
944 994
8 612
8 164
8 158
8 203
8 596
8 57
8 522
8 375
8 9
8 367
905 911
486 683
486 529
486 599
486 942
152 676
196 321
196 519
196 210
846 893
846 858
846 847
846 872
330 733
330 758
330 488
330 737
330 743
70 846
70 893
70 731
70 915
70 655
70 672
70 847
70 425
70 714
70 694
70 874
191 980
458 913
458 459
458 1016
458 693
458 806
458 717
458 904
458 628
458 790
458 639
458 850
458 936
458 577
458 528
458 1011
197 658
839 926
839 885
751 754
751 854
751 836
751 757
751 781
751 956
751 805
751 851
235 915
235 270
235 503
235 898
35 645
35 661
35 235
35 656
35 503
35 651
35 694
59 284
59 976
59 264
59 912
59 398
59 547
59 535
59 263
59 266
424 558
424 892
424 908
424 853
424 901
424 718
424 502
424 524
424 896
424 970
424 573
424 435
424 882
424 562
424 907
424 529
424 808
424 911
424 766
424 891
424 840
424 802
424 930
424 878
424 783
424 1018
424 1013
424 992
424 915
424 655
424 836
424 672
424 941
424 427
424 902
424 547
424 929
424 550
424 849
424 890
424 535
424 894
424 869
424 838
424 434
424 506
424 553
424 565
424 532
424 880
424 857
424 609
424 827
424 847
424 898
424 848
424 916
424 425
424 897
424 998
424 650
424 900
424 536
424 551
424 710
424 541
424 971
424 883
424 714
424 548
424 972
424 935
424 546
424 616
424 803
424 788
424 874
424 530
424 648
424 444
424 525
424 468
424 804
424 552
424 866
424 544
424 872
424 563
424 841
424 430
573 894
573 732
533 596
533 561
533 1023
604 638
604 1014
309 702
309 313
309 716
457 746
457 750
457 1016
457 979
457 856
457 855
457 820
457 633
457 794
457 921
457 790
457 480
457 935
457 799
457 737
457 525
567 754
567 750
567 569
567 751
567 573
567 979
567 572
567 854
567 849
567 757
567 848
567 805
567 851
693 962
693 936
721 1001
721 1003
721 778
721 726
721 974
721 727
721 765
721 916
721 919
721 737
721 812
721 724
435 899
435 891
435 1013
435 713
435 543
435 916
296 938
296 604
296 910
296 310
296 912
296 572
296 940
296 618
296 638
296 726
296 688
296 384
296 898
296 877
296 299
296 380
296 876
296 346
296 994
296 932
296 943
296 925
296 563
163 216
163 175
163 750
163 164
163 846
163 191
163 893
163 949
163 689
163 731
163 190
163 820
163 749
163 635
163 636
163 165
163 631
163 670
163 744
163 214
163 624
163 177
163 647
163 223
163 522
163 694
163 697
163 975
163 630
163 753
163 872
163 182
833 887
833 838
699 719
699 721
699 733
699 778
699 726
699 974
699 727
699 765
699 999
699 720
699 728
699 919
699 812
699 724
656 785
656 826
976 988
418 997
418 701
418 896
418 719
418 435
418 699
418 733
418 899
418 698
418 713
418 427
418 547
418 543
418 999
418 916
418 433
418 432
418 507
418 703
418 709
418 714
418 1004
418 687
418 708
418 606
418 715
418 429
418 705
418 716
418 589
418 613
132 811
733 779
733 758
733 737
871 913
871 924
871 970
871 905
871 882
871 911
871 885
871 904
871 903
871 1017
871 945
871 883
871 917
871 881
314 1019
314 328
314 808
314 505
314 325
314 601
314 785
314 588
314 815
314 762
314 709
314 339
314 826
314 591
314 337
314 315
314 798
314 430
526 683
526 977
526 795
526 537
526 802
526 531
526 1009
526 556
526 650
526 536
526 741
526 541
526 549
526 980
526 1023
526 528
526 736
526 626
358 801
358 813
358 449
358 833
358 482
358 795
358 802
358 796
358 760
358 855
358 492
358 834
358 633
358 615
358 580
358 761
358 739
358 785
358 787
358 469
358 488
358 821
358 799
358 483
358 738
358 381
358 735
358 789
358 736
139 699
139 418
139 733
139 142
139 899
139 698
139 537
139 144
139 692
139 143
139 547
139 535
139 974
139 477
139 543
139 710
139 145
139 218
139 708
139 266
139 673
139 140
28 389
28 645
28 644
28 625
28 761
28 177
28 295
28 489
28 494
28 630
28 491
28 395
142 721
142 699
142 144
142 477
142 708
681 722
276 868
276 284
276 498
276 691
276 953
276 330
276 976
276 733
276 958
276 988
276 689
276 345
276 698
276 692
276 885
276 912
276 758
276 964
276 611
276 535
276 695
276 974
276 619
276 352
276 684
276 624
276 496
276 292
276 641
276 959
276 888
276 961
276 875
276 962
276 456
276 372
276 293
276 507
276 488
276 919
276 302
276 966
276 1004
276 483
276 873
276 697
276 975
276 737
276 630
276 914
276 711
275 868
275 284
275 701
275 362
275 644
275 341
275 707
275 953
275 330
275 833
275 976
275 733
275 276
275 988
275 689
275 357
275 698
275 692
275 885
275 912
275 758
275 516
275 635
275 348
275 535
275 695
275 496
275 292
275 641
275 720
275 696
275 351
275 875
275 370
275 456
275 293
275 704
275 561
275 488
275 340
275 302
275 371
275 437
275 346
275 373
275 873
275 697
275 381
275 737
275 715
275 812
275 630
275 914
275 375
275 706
275 589
275 327
275 383
275 367
47 534
47 665
47 508
47 458
47 693
47 871
47 128
47 369
47 1005
47 806
47 49
47 636
47 607
47 566
47 203
47 344
47 596
47 63
47 904
47 57
47 739
47 303
47 485
47 628
47 863
47 441
47 390
47 906
47 850
47 936
47 257
47 622
47 595
47 530
47 528
47 375
47 597
47 198
47 1011
47 367
94 868
94 216
94 284
94 913
94 204
94 130
94 126
94 521
94 637
94 896
94 393
94 924
94 870
94 970
94 928
94 152
94 846
94 235
94 893
94 833
94 733
94 871
94 582
94 882
94 95
94 107
94 96
94 982
94 742
94 513
94 698
94 779
94 537
94 885
94 105
94 912
94 416
94 277
94 209
94 887
94 802
94 878
94 796
94 915
94 270
94 655
94 113
94 136
94 617
94 492
94 858
94 535
94 695
94 690
94 619
94 134
94 904
94 869
94 834
94 838
94 111
94 147
94 100
94 903
94 476
94 233
94 745
94 295
94 657
94 888
94 138
94 877
94 519
94 151
94 425
94 602
94 386
94 481
94 1017
94 305
94 575
94 300
94 875
94 536
94 115
94 154
94 306
94 867
94 372
94 167
94 440
94 634
94 934
94 876
94 484
94 117
94 347
94 371
94 118
94 906
94 883
94 850
94 581
94 346
94 286
94 821
94 391
94 116
94 489
94 873
94 788
94 874
94 103
94 917
94 530
94 405
94 108
94 242
94 527
94 835
94 866
94 914
94 865
94 597
94 963
94 872
94 137
94 879
958 964
958 961
958 963
42 389
42 813
42 569
42 795
42 802
42 492
42 838
42 615
42 192
42 761
42 488
42 541
42 318
42 103
221 573
221 894
221 895
258 604
258 599
258 570
258 609
258 593
258 411
258 1014
258 564
248 387
248 259
248 970
248 693
248 656
248 426
248 529
248 419
248 717
248 599
248 915
248 455
248 251
248 662
248 627
248 292
248 785
248 588
248 425
248 370
248 954
248 403
248 968
248 883
248 694
248 257
248 826
248 577
248 499
482 785
482 787
482 789
482 736
582 637
582 1011
135 145
377 516
377 729
377 704
377 383
882 885
882 1017
882 883
562 892
562 894
562 565
977 980
438 534
438 740
438 486
438 882
438 529
438 599
438 439
438 455
438 596
438 441
438 712
438 530
438 528
769 979
769 770
769 795
769 779
769 802
769 796
769 854
769 776
769 869
769 838
769 857
769 803
769 822
769 805
988 989
95 970
95 115
95 118
689 988
689 959
487 868
487 645
487 490
487 524
487 691
487 953
487 656
487 977
487 717
487 731
487 855
487 915
487 531
487 503
487 532
487 496
487 785
487 954
487 551
487 787
487 507
487 488
487 934
487 541
487 714
487 980
487 694
487 861
487 1023
487 577
487 738
487 874
487 606
487 975
487 499
487 630
487 705
487 654
487 716
487 789
487 736
487 872
487 613
41 389
41 813
41 508
41 42
41 607
41 615
41 496
41 192
41 541
41 495
41 160
41 1023
41 318
41 103
41 626
512 556
107 284
107 733
107 698
107 537
107 758
107 233
107 138
107 145
770 779
770 776
426 612
426 662
426 503
426 588
426 815
426 651
426 762
426 578
889 940
889 900
907 908
326 1000
326 512
326 364
326 863
326 556
326 1014
326 605
326 564
128 135
128 566
4 119
4 86
4 52
4 89
4 714
4 917
4 436
4 9
357 359
357 483
357 381
747 987
747 979
747 769
747 988
747 770
747 989
747 982
747 779
747 796
747 776
747 858
747 857
747 761
747 981
747 768
747 983
747 985
747 819
747 862
96 868
96 389
96 813
96 284
96 126
96 637
96 953
96 733
96 958
96 107
96 357
96 625
96 345
96 317
96 698
96 537
96 105
96 277
96 119
96 148
96 964
96 617
96 607
96 492
96 615
96 496
96 192
96 761
96 127
96 295
96 138
96 281
96 602
96 386
96 231
96 961
96 575
96 456
96 864
96 488
96 241
96 541
96 484
96 104
96 118
96 460
96 120
96 318
96 483
96 489
96 494
96 381
96 108
96 630
96 491
96 97
96 395
410 780
410 562
410 778
410 829
410 723
509 811
189 216
189 908
189 435
189 353
189 899
189 427
189 283
189 543
189 916
189 297
189 545
189 217
189 705
6 216
6 908
6 230
6 422
6 612
6 524
6 164
6 259
6 691
6 161
6 8
6 70
6 191
6 163
6 482
6 689
6 487
6 189
6 717
6 213
6 731
6 878
6 915
6 159
6 136
6 58
6 7
6 165
6 283
6 214
6 20
6 532
6 292
6 641
6 647
6 90
6 755
6 370
6 1006
6 954
6 61
6 551
6 23
6 437
6 522
6 714
6 694
6 391
6 116
6 332
6 577
6 738
6 465
6 874
6 697
6 217
6 60
6 54
6 866
6 705
6 172
6 9
6 872
6 182
222 273
222 268
222 271
222 227
222 269
222 1014
222 229
222 245
222 564
795 802
795 821
795 822
793 830
793 847
25 868
25 389
25 683
25 30
25 813
25 230
25 27
25 166
25 645
25 422
25 232
25 490
25 387
25 157
25 579
25 521
25 53
25 508
25 37
25 34
25 56
25 464
25 259
25 953
25 33
25 161
25 486
25 191
25 59
25 449
25 1002
25 693
25 656
25 976
25 526
25 358
25 28
25 958
25 42
25 248
25 482
25 977
25 487
25 41
25 512
25 770
25 96
25 795
25 237
25 625
25 345
25 317
25 419
25 513
25 264
25 692
25 912
25 599
25 277
25 119
25 238
25 256
25 86
25 802
25 796
25 855
25 915
25 190
25 752
25 247
25 73
25 159
25 531
25 364
25 964
25 398
25 76
25 121
25 607
25 492
25 776
25 274
25 342
25 973
25 834
25 633
25 1009
25 32
25 89
25 627
25 82
25 615
25 580
25 496
25 192
25 62
25 26
25 72
25 761
25 739
25 127
25 233
25 45
25 295
25 36
25 55
25 485
25 657
25 898
25 785
25 877
25 281
25 519
25 481
25 556
25 236
25 29
25 961
25 305
25 575
25 962
25 456
25 864
25 787
25 968
25 401
25 316
25 469
25 488
25 39
25 340
25 472
25 174
25 934
25 541
25 484
25 223
25 651
25 118
25 460
25 980
25 346
25 694
25 257
25 821
25 578
25 1023
25 359
25 318
25 799
25 483
25 738
25 489
25 31
25 77
25 494
25 234
25 103
25 917
25 349
25 381
25 263
25 84
25 254
25 156
25 242
25 60
25 431
25 229
25 499
25 630
25 491
25 789
25 395
25 623
25 963
25 736
25 943
25 85
25 626
25 583
884 896
884 889
884 931
884 885
884 940
884 1017
884 900
237 976
237 276
237 958
237 357
237 264
237 692
237 912
237 238
237 964
237 398
237 635
237 267
237 619
237 684
237 959
237 888
237 877
237 253
237 696
237 961
237 962
237 968
237 401
237 340
237 241
237 346
237 242
529 599
529 609
529 942
529 954
529 935
625 868
625 813
625 645
625 644
625 637
625 661
625 663
625 953
625 656
625 958
625 795
625 658
625 649
625 749
625 964
625 635
625 633
625 761
625 641
625 657
625 647
625 961
625 876
625 639
625 821
625 828
625 626
345 868
345 362
345 953
345 357
345 516
345 611
345 352
345 624
345 496
345 456
345 372
345 488
345 381
345 630
808 926
808 839
808 847
353 900
353 545
830 847
478 1016
478 920
478 955
478 793
478 717
478 731
478 951
478 916
478 954
478 971
478 775
478 479
478 687
478 935
478 577
317 607
317 318
419 776
369 665
369 375
899 916
806 850
806 826
982 987
195 607
195 594
195 598
195 511
195 495
195 288
402 584
402 435
402 889
402 891
402 416
402 1013
402 992
402 836
402 941
402 890
402 506
402 900
402 866
766 853
766 860
766 997
766 896
766 797
766 839
766 833
766 910
766 808
766 899
766 852
766 840
766 887
766 930
766 783
766 774
766 836
766 902
766 838
766 825
766 880
766 827
766 847
766 837
766 898
766 916
766 792
766 900
766 883
766 824
766 972
766 803
766 788
766 782
766 798
742 913
742 926
742 924
742 870
742 970
742 846
742 839
742 833
742 871
742 882
742 808
742 806
742 856
742 885
742 887
742 802
742 796
742 858
742 869
742 834
742 838
742 903
742 837
742 785
742 1017
742 921
742 790
742 906
742 883
742 824
742 821
742 826
742 788
742 845
742 809
742 843
742 835
742 865
513 868
513 813
513 521
513 661
513 871
513 818
513 802
513 796
513 607
513 619
513 904
513 973
513 834
513 615
513 739
513 903
513 657
513 864
513 867
513 934
513 906
513 821
513 1023
513 799
513 917
513 530
513 918
513 804
513 865
513 605
513 597
513 963
513 626
717 913
717 954
125 419
123 321
123 148
123 322
123 335
123 147
123 323
123 305
123 950
123 338
123 339
698 868
698 953
698 699
698 976
698 988
698 779
698 885
698 912
698 758
698 875
698 714
698 708
698 873
698 737
698 914
614 817
614 780
614 754
614 926
614 1001
614 719
614 839
614 808
614 1005
614 814
614 778
614 756
614 810
614 807
614 744
614 829
614 765
614 739
614 863
614 674
614 815
614 723
614 709
614 947
614 845
614 809
614 843
614 812
614 724
614 819
99 127
224 750
224 924
224 856
224 229
122 508
122 143
122 129
122 127
122 556
122 484
122 495
122 361
122 1023
122 527
122 664
122 804
122 626
568 677
568 681
568 570
568 729
568 1008
568 1014
814 1005
814 818
814 863
814 815
814 947
814 828
814 845
814 843
153 335
153 269
891 1013
891 915
856 926
856 924
856 979
856 942
856 921
856 954
856 936
856 947
475 612
475 719
475 717
475 577
93 913
93 637
93 924
93 870
93 970
93 871
93 94
93 582
93 882
93 95
93 742
93 885
93 105
93 119
93 922
93 745
93 425
93 1017
93 921
93 575
93 115
93 864
93 347
93 371
93 118
93 906
93 883
93 714
93 850
93 581
93 286
93 436
93 530
93 108
93 242
93 468
93 597
93 97
379 538
379 449
379 1008
379 381
778 780
778 956
778 812
264 868
264 284
264 701
264 265
264 953
264 330
264 693
264 733
264 276
264 275
264 988
264 689
264 770
264 357
264 345
264 698
264 885
264 915
264 758
264 398
264 635
264 611
264 547
264 267
264 535
264 695
264 352
264 624
264 496
264 292
264 641
264 877
264 696
264 875
264 962
264 456
264 372
264 293
264 401
264 488
264 340
264 272
264 302
264 346
264 694
264 483
264 873
264 917
264 697
264 737
264 932
264 715
264 630
264 914
264 724
264 266
264 396
289 558
289 868
289 913
289 926
289 585
289 600
289 350
289 920
289 435
289 882
289 889
289 884
289 808
289 899
289 931
289 912
289 400
289 713
289 940
289 672
289 807
289 726
289 535
289 695
289 727
289 404
289 292
289 543
289 837
289 916
289 432
289 1017
289 351
289 875
289 900
289 710
289 372
289 919
289 371
289 709
289 883
289 824
289 581
289 643
289 873
289 429
289 914
289 706
289 589
289 430
289 881
24 960
24 30
24 645
24 422
24 235
24 35
24 656
24 482
24 977
24 487
24 717
24 784
24 159
24 649
24 455
24 466
24 503
24 72
24 45
24 785
24 29
24 1006
24 456
24 787
24 469
24 174
24 541
24 118
24 460
24 935
24 577
24 799
24 738
24 31
24 465
24 84
24 467
24 468
24 499
24 789
24 978
24 736
180 584
180 181
180 713
180 990
180 397
180 986
180 461
180 404
180 188
180 762
180 217
68 521
68 393
68 887
68 690
68 904
68 877
68 536
68 306
68 634
68 850
68 835
68 198
68 879
213 216
213 689
213 749
213 635
213 624
213 647
213 755
213 697
213 630
731 949
731 951
731 954
731 872
310 910
310 757
692 976
692 912
268 746
268 273
268 955
268 957
885 913
885 912
885 1017
885 914
105 284
105 459
105 126
105 733
105 582
105 882
105 107
105 128
105 317
105 698
105 537
105 885
105 238
105 617
105 607
105 106
105 292
105 138
105 281
105 602
105 386
105 481
105 1017
105 575
105 441
105 115
105 790
105 118
105 639
105 883
105 581
105 286
105 622
105 242
105 528
912 976
912 915
912 917
912 914
324 993
324 400
416 941
416 866
599 942
439 665
439 579
439 637
439 656
439 806
439 455
439 627
439 942
439 451
439 628
439 441
439 651
439 639
439 632
439 826
439 678
277 868
277 492
277 295
277 300
277 497
277 286
277 489
277 491
840 853
840 860
840 1018
840 902
840 847
840 898
840 972
840 861
840 841
119 868
119 864
119 934
119 714
239 1000
239 938
239 701
239 474
239 265
239 585
239 675
239 261
239 1015
239 653
239 896
239 273
239 604
239 309
239 693
239 296
239 976
239 512
239 326
239 357
239 884
239 931
239 537
239 264
239 658
239 692
239 268
239 912
239 285
239 256
239 572
239 763
239 758
239 642
239 364
239 398
239 638
239 547
239 566
239 267
239 671
239 274
239 262
239 825
239 399
239 269
239 553
239 240
239 898
239 246
239 877
239 299
239 253
239 863
239 556
239 287
239 792
239 962
239 441
239 306
239 260
239 401
239 316
239 340
239 380
239 241
239 984
239 700
239 1014
239 702
239 346
239 359
239 385
239 255
239 349
239 759
239 932
239 242
239 1012
239 715
239 782
239 528
239 682
239 409
239 245
239 716
239 252
239 442
239 724
239 943
239 266
239 243
239 564
239 879
239 396
239 563
239 583
777 813
777 778
777 800
777 828
143 284
143 719
143 533
143 699
143 562
143 659
143 974
143 596
143 477
143 728
143 561
143 218
143 522
143 722
143 730
143 1023
143 708
143 555
143 527
143 664
143 559
143 266
143 673
400 993
400 778
400 713
400 415
400 404
238 286
238 242
376 377
818 844
818 842
818 910
818 840
818 834
818 909
818 829
818 903
818 821
818 828
818 845
818 843
818 918
818 865
285 558
285 938
285 474
285 502
285 604
285 882
285 692
285 599
285 417
285 572
285 965
285 398
285 638
285 547
285 550
285 566
285 553
285 287
285 495
285 363
285 528
285 542
285 943
285 563
285 583
256 1000
256 508
256 261
256 661
256 446
256 1002
256 326
256 509
256 365
256 863
256 1014
256 595
256 431
256 605
256 407
256 564
209 216
209 908
209 394
209 924
209 871
209 907
209 982
209 513
209 277
209 878
209 752
209 619
209 904
209 973
209 903
209 519
209 981
209 300
209 867
209 368
209 906
209 522
209 286
209 616
209 917
209 436
209 530
209 405
209 554
209 866
209 210
209 753
209 597
209 668
79 341
79 397
79 292
79 1017
79 883
79 622
445 967
445 592
445 553
445 703
445 682
86 119
86 89
86 496
86 1023
392 746
392 393
392 769
392 770
392 747
392 806
392 779
392 796
392 758
392 776
392 771
392 761
392 628
392 768
392 741
392 634
392 850
392 405
392 835
392 736
572 604
572 638
802 869
802 834
802 838
802 821
802 804
930 997
930 1015
930 1018
930 992
930 990
930 999
930 998
930 994
930 1004
878 982
878 929
796 802
796 834
796 821
3 126
3 602
3 554
3 527
3 608
783 836
321 323
321 519
321 605
760 813
760 773
760 777
760 828
760 812
855 953
855 934
52 846
52 70
52 893
52 636
52 744
52 829
52 917
52 872
178 180
178 466
178 462
178 890
178 461
178 991
354 504
354 896
354 355
354 995
354 356
354 996
354 520
922 924
922 934
922 963
592 967
592 911
592 713
592 990
592 601
592 900
592 762
592 703
592 709
592 883
592 682
592 798
205 908
205 754
205 816
205 844
205 842
205 907
205 410
205 910
205 756
205 818
205 209
205 752
205 836
205 909
205 829
205 434
205 325
205 903
205 757
205 981
205 206
205 811
205 815
205 219
205 723
205 368
205 845
205 809
205 843
205 405
205 804
205 334
205 208
205 210
205 753
205 668
320 511
915 917
81 126
81 689
81 177
81 959
81 602
81 386
81 176
81 697
81 173
81 491
81 97
763 828
763 1012
190 795
190 192
190 223
190 626
148 569
752 756
752 776
752 981
752 865
752 753
247 387
247 259
247 970
247 693
247 656
247 426
247 529
247 419
247 717
247 599
247 915
247 455
247 251
247 662
247 627
247 292
247 785
247 588
247 425
247 370
247 954
247 403
247 968
247 883
247 694
247 257
247 826
247 577
247 499
158 908
158 612
158 164
158 259
158 522
158 975
505 814
505 739
505 785
505 815
505 798
774 860
774 997
774 778
774 852
774 777
774 783
774 1018
774 990
774 836
774 825
774 792
774 775
774 803
774 956
774 985
774 782
774 798
774 841
270 519
270 305
270 272
270 934
270 963
329 703
713 990
73 746
73 490
73 1016
73 953
73 191
73 855
73 272
73 934
73 980
73 936
73 80
990 993
758 835
655 901
655 970
655 846
655 893
655 656
655 907
655 731
655 878
655 992
655 915
655 672
655 827
655 847
655 657
655 876
655 883
655 714
655 694
655 821
655 826
655 788
655 874
655 866
655 841
836 890
836 866
159 422
159 482
159 515
159 1006
159 738
642 663
642 707
642 658
642 763
642 758
642 671
642 670
642 680
642 674
642 700
642 702
642 722
642 643
642 682
642 716
642 673
642 667
113 645
113 387
113 126
113 524
113 464
113 419
113 125
113 779
113 416
113 136
113 602
113 386
113 768
113 115
113 118
113 714
113 116
113 468
113 866
113 137
820 823
749 750
749 820
749 823
749 755
749 753
455 717
455 577
202 211
49 746
49 1016
49 693
49 73
49 63
49 954
49 80
965 974
251 955
251 593
251 337
672 808
672 847
672 872
131 780
136 370
136 437
136 714
136 391
531 868
531 683
531 538
531 953
531 533
531 949
531 795
531 692
531 802
531 855
531 535
531 631
531 596
531 532
531 712
531 551
531 561
531 934
531 541
531 980
531 630
531 626
294 997
294 1001
294 1003
294 600
294 540
294 330
294 839
294 721
294 733
294 793
294 778
294 758
294 807
294 823
294 772
294 477
294 765
294 916
294 792
294 859
294 456
294 488
294 302
294 775
294 790
294 709
294 966
294 764
294 956
294 791
294 812
294 724
427 839
427 435
427 808
427 899
427 885
427 713
427 672
427 543
427 916
427 432
427 900
427 709
427 883
427 429
427 589
427 430
810 926
810 855
810 831
902 967
902 930
902 1018
902 916
902 969
364 512
364 365
364 556
964 967
964 973
964 969
398 692
398 401
58 908
58 817
58 230
58 612
58 524
58 164
58 719
58 691
58 70
58 533
58 487
58 419
58 717
58 475
58 731
58 86
58 915
58 136
58 611
58 629
58 636
58 596
58 744
58 89
58 532
58 496
58 292
58 72
58 90
58 370
58 954
58 61
58 551
58 561
58 437
58 522
58 714
58 694
58 391
58 1023
58 116
58 332
58 577
58 234
58 874
58 917
58 606
58 975
58 423
58 467
58 654
58 375
58 819
58 872
58 613
58 367
659 664
1 868
1 216
1 284
1 126
1 637
1 74
1 896
1 88
1 928
1 833
1 733
1 94
1 882
1 107
1 4
1 96
1 698
1 537
1 93
1 885
1 105
1 912
1 277
1 119
1 887
1 922
1 81
1 617
1 492
1 535
1 695
1 619
1 134
1 91
1 17
1 838
1 82
1 100
1 62
1 295
1 888
1 138
1 877
1 602
1 386
1 481
1 1017
1 921
1 300
1 875
1 864
1 306
1 372
1 876
1 883
1 714
1 581
1 346
1 286
1 489
1 873
1 103
1 436
1 108
1 242
1 468
1 914
1 2
1 879
666 677
666 1000
666 816
666 1010
666 675
666 1015
666 844
666 681
666 907
666 1005
666 806
666 931
666 671
666 670
666 744
666 904
666 909
666 829
666 952
666 863
666 679
666 945
666 950
666 811
666 1014
666 828
666 1012
666 682
666 753
666 668
666 673
807 997
807 926
807 808
807 885
807 810
807 837
807 859
807 824
807 966
807 956
807 812
7 216
7 1003
7 689
7 213
7 46
7 641
7 456
7 302
7 697
7 737
516 953
516 933
516 704
618 1002
618 910
618 726
618 688
618 945
618 1014
618 845
618 917
618 843
618 669
365 504
365 508
365 446
365 512
365 509
365 760
365 511
365 556
365 510
365 382
365 595
365 385
365 605
365 407
365 520
365 421
76 868
76 389
76 813
76 860
76 78
76 953
76 928
76 976
76 958
76 977
76 988
76 357
76 96
76 625
76 345
76 317
76 277
76 964
76 607
76 492
76 274
76 598
76 82
76 615
76 496
76 192
76 761
76 295
76 281
76 481
76 231
76 961
76 456
76 488
76 241
76 541
76 460
76 980
76 318
76 483
76 489
76 77
76 494
76 443
76 103
76 381
76 156
76 630
76 491
76 395
466 649
951 955
951 954
951 971
726 910
726 727
726 919
10 22
10 230
10 232
10 387
10 157
10 13
10 661
10 56
10 259
10 161
10 235
10 35
10 59
10 693
10 976
10 248
10 770
10 357
10 25
10 237
10 419
10 264
10 68
10 692
10 912
10 599
10 238
10 887
10 915
10 752
10 247
10 270
10 159
10 398
10 776
10 14
10 21
10 89
10 627
10 503
10 553
10 15
10 233
10 55
10 299
10 236
10 231
10 1006
10 962
10 968
10 39
10 340
10 472
10 272
10 241
10 651
10 346
10 694
10 578
10 77
10 234
10 917
10 263
10 254
10 156
10 242
10 60
10 229
10 198
10 623
179 394
179 689
179 180
179 462
179 986
179 461
179 888
179 493
179 497
179 297
179 183
179 697
179 187
179 491
179 886
179 226
462 890
462 497
462 886
225 754
225 362
225 1003
225 600
225 953
225 689
225 516
225 726
225 283
225 680
225 641
225 603
225 704
225 700
225 687
225 956
225 732
225 697
225 932
225 705
225 245
225 383
621 937
570 609
635 641
635 696
611 624
611 720
611 812
547 701
547 899
547 692
547 553
547 715
929 991
629 665
629 645
629 661
629 656
629 907
629 731
629 655
629 636
629 744
629 662
629 647
629 652
629 651
629 694
629 826
629 654
629 753
629 872
121 503
550 584
550 900
550 589
636 670
636 744
636 674
636 722
636 667
348 644
348 833
348 357
348 379
348 611
348 352
348 624
348 1017
348 372
348 622
348 483
348 381
348 395
686 832
686 687
43 801
43 746
43 813
43 817
43 175
43 665
43 166
43 913
43 232
43 740
43 926
43 459
43 579
43 750
43 585
43 637
43 600
43 67
43 88
43 56
43 924
43 870
43 161
43 970
43 486
43 846
43 330
43 458
43 839
43 457
43 693
43 833
43 656
43 733
43 871
43 314
43 358
43 47
43 248
43 482
43 582
43 882
43 979
43 438
43 769
43 95
43 770
43 747
43 795
43 529
43 808
43 317
43 369
43 1005
43 717
43 614
43 779
43 814
43 93
43 885
43 105
43 599
43 439
43 238
43 79
43 392
43 887
43 802
43 796
43 855
43 752
43 247
43 505
43 758
43 820
43 749
43 455
43 49
43 251
43 810
43 807
43 607
43 492
43 203
43 776
43 858
43 596
43 771
43 744
43 63
43 869
43 91
43 834
43 633
43 838
43 627
43 503
43 615
43 857
43 57
43 64
43 46
43 292
43 794
43 761
43 593
43 303
43 903
43 601
43 45
43 69
43 942
43 485
43 837
43 588
43 281
43 425
43 44
43 90
43 755
43 71
43 863
43 981
43 1017
43 921
43 768
43 575
43 162
43 370
43 586
43 954
43 748
43 441
43 115
43 741
43 154
43 390
43 712
43 92
43 787
43 293
43 469
43 488
43 634
43 815
43 347
43 176
43 651
43 371
43 762
43 118
43 906
43 639
43 709
43 883
43 824
43 581
43 480
43 936
43 51
43 286
43 65
43 257
43 821
43 947
43 576
43 578
43 622
43 577
43 799
43 738
43 77
43 822
43 788
43 845
43 530
43 809
43 591
43 843
43 405
43 737
43 242
43 87
43 743
43 525
43 229
43 66
43 499
43 528
43 678
43 835
43 375
43 865
43 735
43 337
43 542
43 753
43 789
43 597
43 734
43 155
43 454
43 819
43 736
43 1011
43 137
43 798
43 767
43 430
43 367
271 517
271 411
607 813
607 615
607 739
607 622
1021 1022
397 584
397 713
397 990
397 404
492 868
492 813
492 797
492 833
492 887
492 802
492 796
492 834
492 838
492 615
492 761
492 821
986 993
986 990
566 965
165 746
165 304
165 216
165 1016
165 169
165 693
165 689
165 213
165 758
165 636
165 670
165 690
165 214
165 641
165 233
165 755
165 962
165 700
165 522
165 980
165 936
165 697
165 975
165 835
165 198
849 854
890 929
890 991
267 974
267 919
267 724
203 665
203 369
203 375
203 367
772 997
772 780
772 773
772 839
772 988
772 779
772 777
772 774
772 807
772 859
772 775
772 966
772 803
772 985
772 812
14 813
14 157
14 78
14 56
14 330
14 59
14 833
14 976
14 733
14 42
14 770
14 357
14 237
14 264
14 692
14 912
14 238
14 887
14 572
14 752
14 758
14 749
14 398
14 492
14 776
14 21
14 91
14 838
14 825
14 615
14 761
14 877
14 231
14 792
14 293
14 401
14 488
14 39
14 340
14 241
14 176
14 790
14 346
14 77
14 759
14 737
14 156
14 108
14 242
14 229
14 782
14 734
14 724
14 48
413 754
413 751
413 573
413 517
413 415
413 565
413 603
413 732
413 555
413 554
413 668
319 650
283 933
283 507
283 606
283 313
283 716
283 613
535 868
535 882
535 899
535 692
535 885
535 912
535 695
535 838
535 543
535 875
535 710
535 873
535 914
344 806
344 628
344 850
695 913
695 953
695 928
695 846
695 839
695 893
695 833
695 976
695 733
695 882
695 988
695 899
695 698
695 931
695 887
695 915
695 758
695 726
695 858
695 838
695 727
695 888
695 916
695 877
695 1017
695 696
695 710
695 934
695 876
695 919
695 883
695 714
695 874
695 917
695 697
695 737
695 835
695 872
695 879
671 694
274 860
274 1002
274 976
274 357
274 598
274 898
274 316
274 359
274 443
274 349
274 943
274 583
631 846
631 893
631 795
631 731
631 692
631 635
631 636
631 670
631 744
631 641
631 755
631 712
631 694
631 722
631 1023
631 822
631 872
631 673
322 569
670 746
670 1010
670 675
670 1016
670 846
670 693
670 893
670 949
670 806
670 931
670 731
670 758
670 671
670 690
670 744
670 952
670 755
670 962
670 674
670 980
670 936
670 694
670 722
670 835
670 872
461 462
461 986
690 835
800 813
800 814
800 818
800 828
800 804
800 862
1007 1009
596 712
596 1023
771 979
771 857
518 801
518 750
518 569
518 795
518 855
518 854
518 810
518 849
518 660
518 950
518 821
518 828
894 895
744 817
744 846
744 829
744 755
744 753
744 819
619 888
619 919
134 727
134 999
574 681
574 763
574 659
574 666
574 636
574 650
574 674
574 1014
574 664
574 669
574 673
574 626
574 667
63 746
63 304
63 913
63 1016
63 191
63 458
63 107
63 806
63 717
63 885
63 73
63 758
63 636
63 165
63 344
63 670
63 690
63 596
63 292
63 141
63 233
63 628
63 370
63 954
63 962
63 441
63 390
63 712
63 371
63 850
63 980
63 577
63 356
63 80
63 528
63 835
63 375
63 1011
63 367
352 644
352 988
352 689
352 611
352 624
352 372
352 483
352 697
594 813
594 773
594 663
594 993
594 814
594 658
594 777
594 760
594 965
594 1021
594 615
594 640
594 620
594 739
594 828
594 622
594 595
594 606
594 943
594 798
594 613
594 881
214 522
831 855
21 389
21 59
21 692
21 401
21 39
869 882
869 979
869 887
869 880
869 903
869 921
342 464
185 413
185 206
185 212
185 668
280 389
280 987
280 459
280 644
280 464
280 928
280 988
280 689
280 398
280 466
280 462
280 461
280 352
280 761
280 959
280 295
280 888
280 602
280 386
280 456
280 390
280 401
280 302
280 790
280 639
280 460
280 581
280 388
280 489
280 494
280 697
280 737
280 467
280 491
280 453
280 395
129 130
129 508
129 446
129 132
129 135
129 512
129 509
129 256
129 364
129 659
129 365
129 621
129 556
129 595
129 605
129 407
91 284
91 330
91 107
91 698
91 779
91 758
91 138
91 293
91 488
91 737
91 108
91 137
834 868
834 846
834 840
834 887
834 855
834 858
834 869
834 838
834 903
834 921
834 864
834 934
834 850
834 835
834 865
834 963
250 825
250 420
17 868
17 216
17 157
17 644
17 341
17 74
17 350
17 88
17 928
17 275
17 882
17 889
17 357
17 345
17 353
17 885
17 912
17 277
17 887
17 940
17 611
17 348
17 492
17 535
17 695
17 619
17 352
17 838
17 82
17 624
17 62
17 384
17 295
17 888
17 877
17 44
17 1017
17 300
17 875
17 900
17 306
17 340
17 876
17 347
17 371
17 883
17 581
17 286
17 483
17 489
17 873
17 279
17 381
17 242
17 914
17 97
17 879
335 950
335 923
378 1016
378 449
378 457
378 379
378 469
378 1008
378 935
378 381
227 853
227 273
227 924
227 573
227 927
227 323
227 757
227 679
227 923
227 732
227 669
927 1016
927 931
927 1013
927 940
927 941
927 952
927 957
927 998
927 945
927 950
927 1008
927 934
927 971
927 1014
927 936
927 994
927 963
633 750
633 795
633 855
633 831
633 821
838 882
838 887
838 869
838 880
1009 1010
1009 1016
1009 1023
1009 1011
477 533
477 721
477 974
477 673
32 868
32 389
32 813
32 78
32 521
32 53
32 508
32 34
32 953
32 191
32 197
32 309
32 526
32 958
32 42
32 977
32 41
32 107
32 357
32 96
32 625
32 345
32 317
32 537
32 658
32 277
32 73
32 758
32 964
32 76
32 607
32 492
32 1009
32 82
32 615
32 496
32 192
32 62
32 761
32 45
32 295
32 281
32 481
32 231
32 961
32 441
32 456
32 306
32 488
32 241
32 541
32 104
32 460
32 980
32 318
32 483
32 489
32 385
32 494
32 103
32 381
32 187
32 528
32 630
32 491
32 716
32 395
32 736
32 879
106 585
106 637
106 896
106 149
106 135
106 107
106 884
106 537
106 658
106 417
106 566
106 399
106 141
106 441
106 984
106 145
106 108
106 528
106 109
106 442
20 717
20 136
20 57
20 292
20 44
20 29
20 954
20 371
20 437
20 577
20 356
20 375
20 589
20 367
598 993
598 607
89 259
89 233
89 133
89 234
89 917
909 910
909 1005
909 1012
111 284
111 126
111 524
111 893
111 733
111 988
111 689
111 770
111 989
111 698
111 119
111 113
111 131
111 136
111 352
111 233
111 138
111 602
111 386
111 712
111 714
111 116
111 697
111 453
511 760
511 607
511 594
511 598
511 640
262 474
262 622
725 868
725 892
725 817
725 780
725 913
725 754
725 926
725 1001
725 816
725 844
725 920
725 842
725 905
725 846
725 839
725 893
725 871
725 907
725 910
725 808
725 911
725 899
725 931
725 891
725 778
725 885
725 912
725 756
725 818
725 1013
725 915
725 858
725 974
725 894
725 744
725 904
725 909
725 765
725 903
725 847
725 848
725 916
725 895
725 945
725 875
725 728
725 867
725 934
725 971
725 906
725 730
725 1023
725 873
725 732
725 874
725 845
725 809
725 843
725 804
725 812
725 835
725 914
725 865
725 819
725 872
725 881
727 765
727 919
829 844
829 846
829 847
514 663
514 620
514 828
147 152
434 840
434 818
434 505
434 616
434 804
825 841
627 665
627 637
627 661
627 693
627 656
627 806
627 662
627 628
627 639
627 632
627 694
627 826
627 678
82 88
82 357
82 96
82 345
82 481
82 483
82 103
82 381
399 584
399 585
399 993
399 889
399 884
399 658
399 400
399 713
399 990
399 986
399 566
399 461
399 404
399 441
399 581
399 528
399 442
269 273
269 335
269 1014
269 564
503 656
503 785
503 651
503 578
415 555
506 836
506 890
506 548
506 866
765 997
765 1001
765 778
765 859
765 812
765 819
688 910
688 1022
688 726
688 925
680 707
680 953
680 949
680 931
680 731
680 951
680 726
680 831
680 933
680 704
680 876
680 687
680 956
680 932
615 773
615 777
615 760
615 761
615 739
615 828
615 799
580 801
580 813
580 656
580 795
580 806
580 742
580 814
580 856
580 802
580 796
580 855
580 810
580 607
580 834
580 633
580 615
580 761
580 745
580 628
580 787
580 790
580 632
580 850
580 821
580 826
580 799
580 738
580 789
580 736
580 798
684 958
565 892
565 573
565 894
323 950
323 923
323 605
404 584
404 435
404 990
404 427
404 432
404 709
404 429
404 589
624 644
624 707
624 635
624 641
624 630
532 538
532 691
532 533
532 949
532 899
532 717
532 731
532 692
532 915
532 547
532 535
532 631
532 596
532 857
532 543
532 954
532 712
532 561
532 541
532 714
532 694
532 935
532 1023
532 546
532 577
532 874
532 975
532 872
500 645
500 515
500 517
500 836
500 890
500 991
500 738
500 866
500 705
880 882
880 910
880 899
880 887
880 1018
496 868
496 813
496 663
496 953
496 611
496 607
496 615
496 1023
496 606
496 630
496 613
857 979
325 328
325 842
325 434
325 616
325 334
100 130
100 585
100 135
100 107
100 128
100 884
100 931
100 537
100 134
100 106
100 306
100 984
100 104
100 145
100 109
100 879
57 665
57 164
57 369
57 611
57 203
57 596
57 370
57 561
57 371
64 209
64 205
64 752
64 903
64 69
64 981
64 616
64 405
64 753
46 913
46 459
46 56
46 717
46 885
46 292
46 456
46 302
46 790
46 639
46 577
46 737
46 48
192 389
192 277
192 539
192 541
192 318
192 491
640 665
609 905
62 216
62 74
62 953
62 345
62 885
62 912
62 277
62 119
62 492
62 535
62 695
62 496
62 295
62 875
62 456
62 372
62 488
62 934
62 483
62 489
62 873
62 630
62 914
292 717
292 885
292 713
292 427
292 404
292 432
292 370
292 954
292 709
292 883
292 577
292 429
292 589
794 801
794 926
794 920
794 856
794 810
794 947
794 845
26 868
26 746
26 304
26 490
26 521
26 53
26 508
26 1016
26 953
26 309
26 693
26 526
26 977
26 487
26 512
26 107
26 345
26 119
26 86
26 855
26 758
26 49
26 531
26 636
26 165
26 670
26 690
26 63
26 1009
26 32
26 496
26 62
26 233
26 962
26 456
26 488
26 272
26 934
26 936
26 1023
26 483
26 80
26 630
26 835
26 716
26 736
620 958
72 519
72 450
761 813
761 773
761 777
761 796
641 689
641 749
641 647
641 755
641 697
593 863
593 947
593 845
593 843
15 159
15 1006
15 16
15 703
15 332
15 978
177 644
177 689
177 213
177 749
177 641
177 959
177 647
177 697
177 491
739 813
739 814
739 785
739 799
543 547
543 916
543 710
543 545
141 719
141 150
141 356
939 940
939 943
303 534
303 665
303 871
303 317
303 369
303 324
303 320
303 607
303 596
303 739
303 485
303 906
303 622
303 530
303 375
303 597
303 367
933 953
384 833
384 889
384 910
384 516
384 726
384 688
384 900
384 704
384 876
384 994
384 925
186 751
186 573
186 221
186 517
186 271
186 413
186 757
186 732
903 910
903 904
903 909
903 981
903 921
903 906
903 917
476 913
476 690
244 701
244 265
244 675
244 309
244 693
244 976
244 512
244 931
244 264
244 692
244 268
244 912
244 417
244 278
244 758
244 642
244 547
244 267
244 671
244 463
244 246
244 253
244 962
244 700
244 702
244 932
244 715
244 716
244 252
244 724
244 266
244 396
233 693
233 962
355 374
355 977
355 784
355 364
355 365
355 510
355 995
355 650
355 549
355 382
355 385
355 356
355 360
355 501
355 716
355 736
355 996
355 421
45 502
45 656
45 317
45 79
45 607
45 503
45 292
45 785
45 281
45 541
45 118
45 883
45 288
45 499
45 501
45 798
69 534
69 802
69 869
69 838
69 903
69 530
69 405
69 804
69 865
745 913
745 926
745 924
745 870
745 970
745 846
745 839
745 833
745 871
745 882
745 808
745 806
745 856
745 885
745 887
745 802
745 796
745 858
745 869
745 834
745 838
745 903
745 837
745 785
745 1017
745 921
745 790
745 906
745 883
745 824
745 821
745 826
745 788
745 845
745 809
745 843
745 835
745 865
999 1015
295 868
295 389
295 796
295 492
295 761
295 888
295 497
295 581
295 494
295 491
295 395
827 1018
827 847
827 841
957 1016
36 389
36 645
36 394
36 464
36 958
36 796
36 964
36 973
36 761
36 959
36 295
36 888
36 961
36 174
36 489
36 494
36 491
36 395
36 963
660 683
660 949
660 795
660 854
660 849
660 831
660 950
112 896
112 125
112 354
112 278
112 121
112 671
112 269
112 141
112 233
112 252
240 474
240 662
240 262
240 288
847 872
55 817
55 230
55 164
55 661
55 56
55 59
55 533
55 693
55 976
55 512
55 770
55 419
55 264
55 692
55 912
55 756
55 86
55 915
55 752
55 158
55 58
55 611
55 636
55 267
55 776
55 596
55 744
55 496
55 57
55 233
55 133
55 962
55 561
55 472
55 272
55 522
55 694
55 257
55 1023
55 263
55 375
55 724
55 819
55 266
55 367
485 813
485 534
485 665
485 579
485 508
485 661
485 486
485 656
485 871
485 513
485 814
485 505
485 596
485 594
485 973
485 598
485 511
485 503
485 615
485 580
485 496
485 785
485 519
485 575
485 906
485 495
485 1023
485 622
485 595
485 799
485 530
485 499
485 597
485 626
837 926
837 882
837 889
837 884
837 910
837 885
837 887
837 1018
837 940
837 838
837 880
837 1017
837 900
837 883
837 850
837 845
837 843
837 841
837 881
657 868
657 661
657 846
657 893
657 795
657 802
657 796
657 834
657 864
657 934
657 876
657 963
657 872
647 749
898 902
848 926
848 849
848 894
785 787
785 826
785 789
785 798
168 683
168 538
168 750
168 924
168 486
168 573
168 567
168 949
168 979
168 529
168 224
168 599
168 190
168 214
168 192
168 942
168 539
168 223
168 522
168 935
168 554
168 525
168 229
888 959
138 284
138 733
138 698
603 1022
603 688
463 474
463 792
720 780
720 721
720 778
720 760
720 726
720 974
720 727
720 765
720 919
720 724
207 611
207 720
207 218
207 373
207 812
207 208
207 327
246 701
246 265
246 435
246 891
246 713
246 547
246 404
246 253
246 715
246 396
877 912
877 887
299 938
299 604
299 572
299 638
299 553
299 877
299 401
299 380
299 932
299 943
451 945
588 955
588 593
281 868
281 389
281 813
281 502
281 459
281 579
281 637
281 953
281 486
281 656
281 958
281 882
281 357
281 625
281 345
281 658
281 885
281 964
281 492
281 594
281 598
281 511
281 503
281 615
281 580
281 496
281 292
281 761
281 739
281 295
281 485
281 785
281 481
281 1017
281 470
281 961
281 575
281 441
281 456
281 488
281 541
281 790
281 495
281 639
281 460
281 883
281 581
281 286
281 622
281 318
281 483
281 489
281 494
281 381
281 288
281 499
281 528
281 630
281 491
281 501
281 395
281 943
281 798
281 583
519 934
519 963
151 926
151 848
151 921
652 665
652 719
652 905
652 656
652 907
652 911
652 672
652 945
652 815
652 826
652 654
425 970
425 656
425 655
425 672
425 651
425 883
425 826
425 872
433 703
433 682
587 665
587 640
44 584
44 341
44 88
44 79
44 550
44 292
44 45
44 370
44 900
44 883
44 501
44 589
253 701
253 265
253 547
253 267
253 507
253 1004
253 715
539 882
539 689
539 692
539 749
539 838
539 641
539 959
539 647
539 541
539 545
539 697
539 554
539 544
539 734
628 634
628 632
628 850
628 826
90 733
90 779
90 136
90 91
90 92
90 714
90 391
90 116
90 137
897 1013
897 998
897 923
602 617
432 584
432 997
432 701
432 612
432 502
432 600
432 719
432 839
432 435
432 808
432 899
432 717
432 475
432 885
432 592
432 990
432 672
432 807
432 547
432 550
432 543
432 916
432 433
432 900
432 954
432 507
432 762
432 703
432 883
432 1004
432 687
432 577
432 591
432 606
432 715
432 705
432 501
432 716
432 706
432 798
432 613
755 846
755 820
386 389
386 644
386 637
386 733
386 988
386 689
386 698
386 779
386 537
386 398
386 617
386 761
386 959
386 888
386 481
386 401
386 581
386 391
386 489
386 494
386 697
386 491
386 395
71 750
71 161
71 486
71 529
71 856
71 599
71 238
71 517
71 271
71 203
71 942
71 168
71 954
71 223
71 347
71 936
71 286
71 576
71 87
71 229
71 678
71 210
71 155
863 1005
481 868
481 813
481 637
481 953
481 733
481 958
481 625
481 698
481 537
481 964
481 617
481 607
481 492
481 615
481 496
481 761
481 602
481 961
481 575
481 864
481 488
481 541
481 484
481 483
481 489
481 494
481 630
481 491
895 934
556 1014
556 564
921 922
470 474
470 502
470 658
470 649
470 607
470 594
470 598
470 511
470 790
470 495
470 639
470 791
470 501
470 943
470 798
470 583
236 1000
236 261
236 693
236 976
236 977
236 952
236 962
236 980
236 1011
287 474
287 600
287 944
287 604
287 296
287 599
287 417
287 572
287 940
287 638
287 593
287 939
287 299
287 588
287 586
287 380
287 411
287 932
287 337
287 583
231 868
231 389
231 813
231 661
231 953
231 235
231 976
231 958
231 237
231 625
231 345
231 317
231 264
231 692
231 912
231 277
231 238
231 270
231 964
231 398
231 607
231 492
231 274
231 503
231 615
231 496
231 761
231 295
231 898
231 877
231 281
231 481
231 961
231 456
231 401
231 316
231 488
231 340
231 272
231 541
231 460
231 346
231 359
231 318
231 483
231 489
231 494
231 349
231 381
231 242
231 630
231 491
231 395
231 943
231 583
133 728
206 754
206 750
206 212
206 753
696 868
696 953
696 976
696 733
696 958
696 988
696 698
696 885
696 912
696 758
696 964
696 974
696 959
696 888
696 961
696 875
696 962
696 919
696 966
696 1004
696 873
696 697
696 975
696 737
696 914
696 711
29 30
29 504
29 656
29 342
29 503
29 45
29 785
29 44
29 370
29 118
29 499
29 501
29 520
768 769
768 770
768 779
768 796
768 783
768 774
768 836
768 776
768 771
768 857
768 785
768 787
768 775
768 826
768 788
768 866
768 789
351 584
351 701
351 362
351 600
351 707
351 839
351 889
351 885
351 400
351 713
351 940
351 427
351 807
351 516
351 611
351 550
351 352
351 511
351 404
351 624
351 640
351 720
351 432
351 370
351 900
351 372
351 704
351 371
351 709
351 366
351 373
351 483
351 356
351 363
351 715
351 429
351 812
351 375
351 501
351 383
351 367
679 945
998 1015
998 1013
961 967
961 973
961 969
961 963
781 801
781 853
781 926
781 955
781 979
781 910
781 989
781 856
781 852
781 796
781 783
781 855
781 836
781 941
781 810
781 849
781 800
781 894
781 786
781 831
781 794
781 957
781 848
781 895
781 921
781 832
781 994
781 947
781 803
781 845
781 985
781 851
781 862
305 321
305 323
305 519
305 934
305 963
575 579
575 637
575 656
575 582
575 607
575 580
575 739
575 785
575 864
729 746
729 1016
729 957
729 1008
729 936
685 953
685 958
685 1022
685 688
685 933
685 687
685 943
685 925
162 750
162 486
162 529
162 856
162 599
162 238
162 517
162 271
162 203
162 942
162 168
162 954
162 223
162 347
162 936
162 286
162 576
162 229
162 678
162 210
300 306
510 760
510 511
510 606
510 613
875 913
875 953
875 928
875 893
875 976
875 882
875 988
875 899
875 931
875 887
875 915
875 888
875 916
875 877
875 1017
875 934
875 876
875 919
875 883
875 917
875 879
370 717
370 954
370 371
370 437
370 577
370 375
370 589
995 1015
995 998
792 825
586 600
586 852
900 940
12 553
228 504
228 612
228 426
228 601
228 815
228 762
228 356
228 996
228 520
748 750
748 752
748 820
748 749
748 757
748 755
748 981
748 865
748 753
441 528
441 442
201 908
201 754
201 612
201 663
201 512
201 509
201 515
201 756
201 283
201 973
201 496
201 933
201 207
201 219
201 218
201 522
201 1023
201 215
201 606
201 918
201 705
201 654
201 208
201 220
201 613
536 882
536 537
536 802
536 690
536 904
536 869
536 838
536 741
536 634
536 549
536 850
536 835
536 879
859 860
859 1001
859 1003
859 976
859 988
859 966
859 1004
859 861
859 956
859 985
456 868
456 953
456 496
456 488
456 460
456 483
456 737
456 630
115 637
115 719
115 161
115 970
115 656
115 248
115 582
115 529
115 717
115 247
115 455
115 136
115 121
115 503
115 292
115 141
115 785
115 425
115 575
115 370
115 954
115 651
115 479
115 883
115 714
115 150
115 391
115 578
115 826
115 116
115 577
115 468
115 499
420 955
420 572
420 547
420 825
420 553
420 857
420 588
420 792
420 525
420 782
420 552
420 544
98 135
98 107
98 700
741 746
741 979
741 769
741 795
741 806
741 802
741 758
741 771
741 869
741 838
741 857
741 850
741 822
741 835
154 175
154 166
154 204
154 750
154 733
154 482
154 224
154 779
154 752
154 820
154 749
154 755
154 981
154 921
154 748
154 176
154 738
154 229
154 865
154 753
154 734
864 868
864 922
864 921
864 934
864 963
61 868
61 216
61 230
61 997
61 284
61 701
61 265
61 524
61 341
61 74
61 259
61 691
61 953
61 330
61 70
61 435
61 976
61 418
61 733
61 276
61 275
61 988
61 689
61 487
61 107
61 189
61 345
61 899
61 717
61 698
61 264
61 213
61 731
61 692
61 885
61 912
61 79
61 915
61 158
61 713
61 758
61 136
61 427
61 635
61 611
61 547
61 283
61 535
61 695
61 352
61 91
61 404
61 624
61 532
61 496
61 62
61 641
61 543
61 647
61 916
61 138
61 246
61 433
61 253
61 90
61 432
61 696
61 875
61 370
61 954
61 456
61 551
61 372
61 293
61 507
61 488
61 541
61 302
61 703
61 709
61 437
61 883
61 714
61 694
61 1004
61 687
61 391
61 116
61 312
61 332
61 577
61 483
61 873
61 874
61 697
61 606
61 975
61 217
61 737
61 467
61 715
61 429
61 630
61 914
61 313
61 705
61 716
61 172
61 589
61 872
61 613
61 140
40 534
40 905
40 529
40 596
40 609
40 530
40 423
390 458
728 754
728 730
728 937
92 733
92 482
92 95
92 779
92 113
92 136
92 857
92 785
92 921
92 768
92 115
92 154
92 787
92 832
92 117
92 118
92 714
92 391
92 826
92 116
92 738
92 788
92 108
92 525
92 468
92 735
92 789
92 736
92 137
557 754
557 560
557 569
557 604
557 567
557 979
557 910
557 572
557 854
557 570
557 849
557 786
557 565
557 609
557 593
557 848
557 1014
557 947
557 730
557 805
557 845
557 804
557 559
557 564
787 813
787 860
787 977
787 795
787 840
787 802
787 796
787 855
787 834
787 857
787 821
787 861
787 826
787 799
787 788
787 798
403 584
403 426
403 419
403 891
403 417
403 713
403 990
403 941
403 662
403 503
403 404
403 588
403 411
403 651
403 578
306 690
306 879
260 558
260 474
260 604
260 296
260 910
260 912
260 618
260 726
260 267
260 619
260 262
260 727
260 688
260 898
260 877
260 919
260 346
260 917
260 843
260 409
260 724
260 266
260 881
493 773
493 689
493 777
493 517
493 986
493 506
493 500
493 761
493 933
493 959
493 548
493 494
493 697
493 705
493 886
867 913
867 928
867 871
867 903
867 906
867 917
710 868
710 839
710 882
710 931
710 885
710 912
710 726
710 974
710 894
710 838
710 727
710 880
710 848
710 916
710 875
710 919
710 803
710 873
710 914
406 773
406 778
406 777
406 774
372 868
372 833
372 885
372 912
372 611
372 535
372 695
372 624
372 875
372 483
372 873
372 914
293 868
293 746
293 813
293 817
293 997
293 600
293 953
293 846
293 839
293 833
293 976
293 988
293 689
293 770
293 345
293 698
293 779
293 778
293 692
293 885
293 912
293 887
293 855
293 749
293 294
293 807
293 635
293 611
293 492
293 772
293 858
293 535
293 695
293 744
293 352
293 838
293 765
293 615
293 624
293 496
293 761
293 641
293 755
293 696
293 875
293 859
293 456
293 372
293 302
293 790
293 709
293 966
293 764
293 483
293 956
293 873
293 697
293 743
293 812
293 630
293 835
293 914
293 734
293 724
293 819
333 718
75 987
75 459
75 1003
75 169
75 976
75 988
75 76
75 280
75 456
75 302
75 790
75 639
75 460
75 77
75 737
75 156
75 467
75 978
507 967
507 1004
507 969
507 606
507 705
507 711
507 716
507 613
188 584
188 612
188 311
188 426
188 517
188 713
188 990
188 836
188 941
188 271
188 397
188 986
188 890
188 461
188 991
188 506
188 404
188 500
188 228
188 403
188 200
188 815
188 762
188 548
188 217
188 866
167 216
167 175
167 987
167 394
167 393
167 924
167 573
167 893
167 221
167 689
167 416
167 277
167 209
167 878
167 796
167 836
167 462
167 890
167 506
167 177
167 959
167 295
167 888
167 300
167 440
167 174
167 176
167 497
167 368
167 581
167 286
167 489
167 732
167 697
167 173
167 405
167 554
167 491
167 865
167 668
167 886
704 707
704 953
704 940
704 726
704 933
704 720
704 729
704 956
704 932
704 715
704 812
704 706
561 611
561 596
561 1023
440 893
440 982
440 796
440 888
440 581
440 489
440 866
401 877
469 855
469 633
469 799
488 868
488 813
488 953
488 733
488 855
488 758
488 492
488 615
488 496
488 761
488 737
488 630
634 846
634 806
634 850
634 821
634 835
39 56
39 59
39 882
39 692
39 599
39 238
39 285
39 398
39 77
39 242
39 528
200 612
200 203
200 815
340 701
340 644
340 341
340 833
340 976
340 345
340 692
340 912
340 398
340 611
340 348
340 352
340 624
340 877
340 372
340 401
340 380
340 359
340 483
340 349
340 381
340 759
340 715
472 474
472 661
472 533
472 752
472 776
472 904
472 867
472 473
472 799
472 917
174 987
174 464
174 491
1008 1016
272 490
272 953
272 855
272 934
934 953
934 963
380 701
380 715
241 868
241 389
241 813
241 661
241 953
241 976
241 958
241 625
241 345
241 317
241 264
241 692
241 912
241 277
241 270
241 964
241 398
241 607
241 492
241 274
241 503
241 615
241 496
241 761
241 295
241 898
241 877
241 281
241 481
241 961
241 456
241 401
241 316
241 488
241 340
241 272
241 541
241 460
241 346
241 359
241 318
241 483
241 489
241 494
241 349
241 381
241 242
241 630
241 491
241 395
241 943
241 583
919 974
674 763
674 744
674 829
674 722
484 683
484 508
484 486
484 526
484 795
484 537
484 802
484 531
484 659
484 575
484 864
484 541
484 1023
484 527
484 626
223 750
223 633
302 330
302 476
302 456
302 737
117 853
117 896
117 307
117 152
117 808
117 766
117 840
117 783
117 1018
117 836
117 147
117 434
117 325
117 827
117 847
117 151
117 921
117 832
117 714
117 972
117 616
117 788
117 468
117 841
117 430
171 558
171 195
171 286
171 210
171 881
347 924
347 940
347 371
298 860
298 502
298 515
298 445
298 592
298 649
298 902
298 466
298 553
298 898
298 433
298 510
298 507
298 541
298 703
298 969
298 360
298 349
298 606
298 682
298 313
298 705
298 501
298 716
298 798
298 613
775 793
408 993
408 415
408 411
408 622
176 689
176 749
176 761
176 177
176 959
176 183
176 697
176 491
176 734
984 1015
984 999
411 415
411 593
651 656
651 662
651 694
651 826
371 913
371 885
371 372
371 375
762 815
762 798
428 558
428 584
428 534
428 908
428 665
428 504
428 474
428 502
428 1015
428 970
428 656
428 993
428 871
428 907
428 529
428 515
428 808
428 1005
428 717
428 614
428 814
428 592
428 713
428 990
428 455
428 965
428 672
428 941
428 570
428 629
428 550
428 607
428 566
428 596
428 594
428 786
428 598
428 511
428 434
428 503
428 640
428 593
428 739
428 601
428 999
428 485
428 785
428 451
428 588
428 587
428 432
428 863
428 945
428 510
428 900
428 954
428 651
428 762
428 479
428 471
428 906
428 495
428 709
428 883
428 450
428 947
428 578
428 826
428 622
428 616
428 595
428 577
428 845
428 530
428 809
428 447
428 591
428 606
428 843
428 467
428 937
428 431
428 499
428 429
428 654
428 501
428 597
428 589
428 798
428 613
428 996
428 430
428 520
428 881
219 908
219 817
219 780
219 1001
219 612
219 410
219 614
219 778
219 752
219 744
219 829
219 765
219 755
219 981
219 811
219 674
219 815
219 723
219 522
219 616
219 812
219 865
219 334
219 753
219 559
219 724
219 819
412 993
412 862
104 896
104 197
104 309
104 135
104 107
104 128
104 537
104 658
104 148
104 129
104 106
104 127
104 481
104 984
104 145
104 120
104 385
104 187
104 109
104 716
523 526
523 681
523 568
523 537
523 536
523 741
523 561
523 1008
523 528
23 982
23 416
23 878
23 836
23 890
23 506
23 167
497 506
497 886
16 158
16 332
16 975
338 339
471 920
471 945
471 845
723 908
723 817
723 780
723 754
723 926
723 1001
723 816
723 844
723 842
723 846
723 839
723 910
723 808
723 778
723 756
723 818
723 726
723 858
723 744
723 909
723 725
723 727
723 765
723 903
723 847
723 848
723 919
723 845
723 917
723 809
723 843
723 918
723 804
723 812
723 835
723 865
723 724
723 819
368 668
923 927
923 950
118 656
118 121
118 503
118 785
118 575
118 499
906 913
906 924
906 970
906 911
906 1017
906 945
906 917
495 558
495 502
495 965
495 607
495 566
495 594
495 598
495 511
700 1003
700 931
700 758
700 933
700 702
700 705
700 716
639 790
709 997
709 839
709 808
709 713
709 807
709 762
709 798
460 868
460 813
460 464
460 953
460 928
460 958
460 625
460 649
460 964
460 466
460 607
460 492
460 615
460 496
460 761
460 481
460 470
460 961
460 469
460 488
460 541
460 790
460 639
460 799
460 483
460 489
460 494
460 791
460 737
460 467
460 630
460 491
437 691
145 700
218 974
218 477
218 522
218 266
218 673
883 970
883 885
883 1017
883 900
522 533
522 596
522 561
522 1023
522 554
824 839
824 837
824 841
549 650
632 665
632 750
632 637
632 846
632 656
632 795
632 742
632 856
632 820
632 749
632 744
632 633
632 739
632 745
632 785
632 755
632 634
632 651
632 790
632 639
632 824
632 850
632 821
632 822
632 678
632 753
297 353
297 545
714 915
714 874
714 872
545 899
382 568
382 385
160 192
160 539
160 218
160 522
160 554
581 882
581 889
581 885
581 888
581 1017
581 883
646 892
646 844
646 893
646 907
646 992
646 829
646 945
646 669
702 931
702 758
702 703
702 716
480 960
480 820
480 790
480 799
480 737
936 1016
936 954
473 534
473 508
473 596
473 904
473 477
473 867
473 561
473 522
473 935
473 1023
473 799
473 530
473 554
473 527
473 608
473 626
346 833
346 357
346 912
346 877
346 372
38 304
38 284
38 508
38 526
38 107
38 233
38 536
38 741
38 484
38 523
38 116
38 103
38 343
38 527
38 528
51 665
51 645
51 579
51 637
51 161
51 970
51 70
51 248
51 95
51 529
51 806
51 717
51 731
51 439
51 79
51 247
51 655
51 455
51 672
51 629
51 662
51 627
51 503
51 292
51 647
51 785
51 652
51 628
51 370
51 954
51 115
51 118
51 639
51 883
51 632
51 694
51 578
51 577
51 499
51 678
51 872
694 731
694 915
694 872
0 868
0 960
0 389
0 1020
0 683
0 813
0 22
0 230
0 860
0 27
0 374
0 166
0 452
0 490
0 387
0 282
0 504
0 502
0 579
0 78
0 524
0 521
0 341
0 53
0 508
0 661
0 37
0 34
0 967
0 259
0 691
0 953
0 33
0 161
0 970
0 486
0 70
0 191
0 449
0 526
0 358
0 28
0 958
0 42
0 248
0 95
0 41
0 357
0 96
0 6
0 795
0 25
0 529
0 625
0 345
0 515
0 317
0 419
0 513
0 717
0 731
0 416
0 277
0 840
0 119
0 79
0 86
0 802
0 878
0 796
0 855
0 915
0 190
0 247
0 158
0 505
0 270
0 73
0 655
0 784
0 113
0 649
0 455
0 136
0 531
0 902
0 964
0 58
0 76
0 466
0 629
0 121
0 607
0 492
0 319
0 283
0 973
0 834
0 633
0 1009
0 32
0 20
0 147
0 434
0 82
0 506
0 615
0 580
0 532
0 500
0 496
0 857
0 192
0 62
0 292
0 26
0 761
0 15
0 739
0 355
0 295
0 36
0 485
0 657
0 647
0 898
0 281
0 519
0 425
0 44
0 90
0 481
0 231
0 768
0 961
0 305
0 575
0 510
0 370
0 1006
0 650
0 954
0 12
0 456
0 115
0 864
0 61
0 40
0 92
0 551
0 968
0 507
0 469
0 488
0 174
0 272
0 934
0 241
0 484
0 223
0 298
0 651
0 23
0 16
0 338
0 460
0 437
0 883
0 549
0 714
0 980
0 450
0 548
0 51
0 694
0 339
0 821
0 391
0 861
0 578
0 935
0 1023
0 546
0 826
0 116
0 332
0 969
0 318
0 577
0 799
0 483
0 489
0 465
0 494
0 788
0 874
0 360
0 103
0 114
0 349
0 606
0 381
0 975
0 288
0 84
0 423
0 467
0 60
0 525
0 431
0 468
0 54
0 630
0 866
0 313
0 491
0 705
0 654
0 735
0 501
0 194
0 716
0 978
0 11
0 395
0 963
0 85
0 872
0 798
0 626
0 193
0 613
0 520
0 421
946 1016
946 953
946 955
946 949
946 989
946 951
946 957
946 971
946 947
946 956
983 993
983 992
983 990
983 986
983 991
983 994
983 985
983 1011
966 997
966 974
966 1004
150 719
150 954
150 479
972 1018
286 924
286 882
286 885
286 1017
286 300
286 883
286 581
65 746
65 83
65 770
65 989
65 779
65 855
65 956
65 137
821 846
821 834
947 1005
361 508
361 760
361 364
361 659
361 365
361 570
361 511
361 556
361 510
361 561
361 495
361 382
361 1023
361 385
361 363
361 423
361 804
361 626
361 421
366 558
366 584
366 665
366 474
366 993
366 889
366 369
366 400
366 760
366 940
366 965
366 570
366 611
366 550
366 607
366 566
366 594
366 598
366 720
366 587
366 510
366 900
366 495
366 373
366 622
366 812
366 375
366 501
366 706
366 589
366 367
366 881
391 524
391 779
391 714
373 780
373 701
373 663
373 707
373 721
373 699
373 778
373 400
373 376
373 760
373 516
373 726
373 974
373 477
373 511
373 727
373 765
373 624
373 496
373 640
373 510
373 704
373 561
373 919
373 483
373 708
373 606
373 715
373 375
373 706
373 724
373 589
373 673
373 383
373 613
861 997
764 868
764 813
764 817
764 860
764 780
764 926
764 1001
764 773
764 1003
764 797
764 953
764 846
764 833
764 955
764 976
764 988
764 770
764 793
764 910
764 808
764 830
764 899
764 766
764 931
764 779
764 852
764 885
764 912
764 777
764 887
764 855
764 1018
764 774
764 810
764 823
764 858
764 974
764 831
764 838
764 829
764 825
764 880
764 933
764 957
764 847
764 837
764 848
764 916
764 875
764 792
764 919
764 775
764 790
764 824
764 1004
764 861
764 828
764 803
764 873
764 791
764 932
764 985
764 1012
764 782
764 835
764 914
764 819
764 798
764 841
764 767
576 924
576 989
576 856
576 599
576 941
576 942
576 954
576 712
576 581
576 936
576 678
578 970
578 693
578 656
578 717
578 599
578 915
578 662
578 627
578 785
578 588
578 954
578 968
578 883
578 694
578 826
730 754
730 949
730 974
730 894
730 848
730 1014
730 1023
212 669
124 1000
124 204
124 560
124 816
124 126
124 508
124 261
124 1015
124 446
124 896
124 719
124 149
124 699
124 142
124 512
124 326
124 509
124 1005
124 125
124 153
124 537
124 143
124 256
124 354
124 763
124 131
124 364
124 659
124 666
124 365
124 636
124 617
124 566
124 134
124 574
124 904
124 335
124 909
124 269
124 141
124 127
124 233
124 999
124 602
124 863
124 556
124 448
124 133
124 728
124 811
124 674
124 146
124 984
124 1014
124 145
124 722
124 212
124 595
124 708
124 255
124 436
124 937
124 1012
124 527
124 664
124 669
124 605
124 198
124 407
124 564
124 667
546 960
546 1020
546 683
546 645
546 740
546 691
546 970
546 905
546 656
546 949
546 882
546 979
546 977
546 769
546 795
546 899
546 717
546 731
546 692
546 599
546 802
546 878
546 915
546 655
546 547
546 629
546 550
546 631
546 596
546 771
546 869
546 838
546 553
546 609
546 942
546 647
546 785
546 768
546 1006
546 650
546 954
546 741
546 712
546 787
546 968
546 561
546 651
546 883
546 549
546 714
546 548
546 694
546 578
546 1023
546 826
546 577
546 738
546 822
546 788
546 874
546 975
546 554
546 552
546 866
546 735
546 608
546 789
546 978
546 736
546 872
546 626
359 701
359 362
359 760
359 364
359 516
359 511
359 898
359 510
359 380
359 483
359 385
359 360
359 381
359 759
359 715
359 501
359 943
359 583
622 1017
616 908
616 907
616 836
616 815
616 865
803 838
803 880
595 1005
595 814
595 658
595 607
595 598
595 739
595 863
595 605
116 284
116 524
116 136
116 532
116 551
116 714
116 391
312 997
312 701
312 328
312 330
312 435
312 418
312 899
312 329
312 713
312 427
312 547
312 404
312 543
312 916
312 433
312 432
312 333
312 507
312 338
312 709
312 702
312 1004
312 687
312 332
312 331
312 606
312 715
312 429
312 705
312 716
312 589
312 327
312 613
332 524
332 691
332 487
332 717
332 731
332 915
332 690
332 532
332 476
332 370
332 954
332 551
332 333
332 338
332 703
332 437
332 714
332 694
332 391
332 577
332 874
332 975
332 743
332 978
332 872
969 1004
318 389
318 322
318 541
577 913
577 954
799 813
483 868
483 953
483 516
483 611
483 624
483 496
483 488
483 630
215 868
215 216
215 362
215 498
215 1003
215 663
215 953
215 309
215 689
215 345
215 277
215 516
215 225
215 496
215 641
215 456
215 493
215 507
215 488
215 497
215 700
215 218
215 483
215 697
215 606
215 217
215 630
215 313
215 491
215 711
215 716
215 613
215 226
388 960
388 389
388 645
388 913
388 459
388 524
388 644
388 1016
388 394
388 393
388 928
388 458
388 533
388 457
388 893
388 769
388 988
388 689
388 770
388 747
388 419
388 989
388 982
388 717
388 779
388 416
388 392
388 796
388 820
388 455
388 398
388 466
388 462
388 890
388 776
388 461
388 771
388 904
388 991
388 761
388 959
388 476
388 888
388 602
388 768
388 1006
388 456
388 712
388 867
388 440
388 401
388 469
388 472
388 775
388 790
388 639
388 460
388 581
388 480
388 473
388 983
388 391
388 576
388 935
388 577
388 799
388 489
388 465
388 494
388 697
388 405
388 737
388 467
388 554
388 468
388 866
388 491
388 608
388 978
388 395
388 454
708 719
708 721
708 733
708 778
708 726
708 974
708 727
708 765
708 999
708 720
708 728
708 919
708 812
708 724
738 785
738 787
738 789
489 868
489 796
489 492
489 761
489 888
489 497
489 581
489 494
489 491
31 967
31 958
31 964
31 45
31 961
31 507
31 541
31 969
77 976
77 238
77 156
77 242
183 773
183 778
183 777
183 406
183 208
465 960
465 987
465 482
465 717
465 878
465 820
465 929
465 890
465 991
465 647
465 935
465 577
465 738
465 975
465 467
465 468
465 866
465 978
494 953
494 958
494 761
234 817
234 661
234 533
234 693
234 976
234 512
234 770
234 419
234 264
234 692
234 912
234 756
234 915
234 752
234 611
234 636
234 267
234 776
234 596
234 744
234 496
234 962
234 561
234 472
234 272
234 522
234 694
234 257
234 1023
234 263
234 375
234 724
234 819
234 266
234 367
643 868
643 675
643 663
643 707
643 846
643 839
643 893
643 899
643 885
643 912
643 672
643 726
643 695
643 727
643 829
643 680
643 847
643 916
643 875
643 710
643 876
643 919
643 824
643 873
643 648
643 914
643 872
643 841
643 673
873 913
873 953
873 928
873 893
873 976
873 882
873 988
873 899
873 931
873 887
873 915
873 888
873 916
873 877
873 1017
873 934
873 876
873 919
873 883
873 874
873 917
873 879
822 846
822 949
822 979
822 854
822 849
822 869
822 838
822 857
822 826
443 860
443 598
101 284
101 139
101 537
101 550
101 385
101 360
101 103
101 363
101 102
732 894
732 895
356 504
356 370
356 589
356 996
356 520
331 868
331 997
331 701
331 362
331 498
331 675
331 1003
331 663
331 600
331 336
331 707
331 953
331 839
331 721
331 435
331 699
331 976
331 418
331 733
331 377
331 988
331 689
331 345
331 899
331 698
331 931
331 778
331 692
331 885
331 912
331 400
331 376
331 713
331 758
331 642
331 427
331 807
331 516
331 726
331 635
331 611
331 547
331 772
331 535
331 695
331 690
331 974
331 352
331 477
331 727
331 765
331 680
331 404
331 624
331 496
331 641
331 543
331 933
331 476
331 916
331 720
331 433
331 432
331 696
331 351
331 875
331 859
331 456
331 710
331 372
331 333
331 507
331 704
331 488
331 919
331 338
331 700
331 709
331 966
331 1004
331 687
331 373
331 764
331 332
331 483
331 708
331 956
331 643
331 873
331 697
331 606
331 737
331 932
331 743
331 715
331 429
331 812
331 630
331 914
331 705
331 334
331 711
331 716
331 706
331 724
331 589
331 396
331 673
331 383
331 613
788 853
788 970
788 846
788 833
788 808
788 840
788 887
788 802
788 878
788 796
788 1018
788 915
788 836
788 858
788 869
788 834
788 838
788 857
788 903
788 827
788 847
788 921
788 883
788 850
788 972
788 821
788 826
788 874
788 835
788 866
788 865
788 789
788 872
788 841
874 908
874 913
874 970
874 893
874 899
874 891
874 885
874 912
874 878
874 1013
874 916
874 875
874 954
874 934
874 971
874 883
874 917
874 975
874 914
805 979
805 849
805 894
805 848
805 956
791 813
791 860
791 797
791 823
791 792
791 828
791 799
791 798
555 571
555 562
555 894
555 565
555 730
255 1000
255 261
255 512
255 326
255 256
255 365
255 863
255 556
255 1014
255 564
279 585
279 350
279 307
279 797
279 839
279 889
279 910
279 353
279 766
279 310
279 887
279 783
279 760
279 1018
279 940
279 492
279 838
279 880
279 384
279 837
279 900
279 372
279 824
279 346
279 803
279 759
279 812
279 841
279 430
845 926
845 910
845 945
845 947
360 502
360 550
360 510
360 541
360 385
360 501
103 389
103 284
103 537
103 192
103 481
103 541
103 484
103 318
697 988
697 959
530 558
530 534
530 905
530 871
530 882
530 596
530 906
530 597
50 389
50 683
50 304
50 534
50 538
50 175
50 665
50 645
50 284
50 571
50 740
50 414
50 560
50 579
50 750
50 524
50 1010
50 644
50 53
50 508
50 637
50 661
50 486
50 846
50 70
50 59
50 533
50 893
50 163
50 656
50 526
50 681
50 882
50 979
50 438
50 769
50 529
50 625
50 806
50 537
50 213
50 731
50 692
50 599
50 439
50 802
50 52
50 854
50 655
50 820
50 749
50 531
50 398
50 659
50 638
50 635
50 629
50 636
50 849
50 319
50 535
50 670
50 596
50 771
50 744
50 574
50 214
50 869
50 250
50 633
50 838
50 627
50 624
50 532
50 857
50 192
50 641
50 177
50 952
50 69
50 942
50 660
50 657
50 647
50 168
50 425
50 539
50 628
50 755
50 650
50 536
50 741
50 712
50 551
50 561
50 634
50 541
50 876
50 484
50 223
50 651
50 523
50 639
50 522
50 632
50 160
50 473
50 51
50 694
50 821
50 722
50 935
50 1023
50 546
50 826
50 116
50 318
50 103
50 530
50 343
50 263
50 423
50 554
50 527
50 525
50 664
50 528
50 678
50 630
50 608
50 753
50 454
50 623
50 872
50 673
809 926
809 816
809 844
809 842
809 905
809 839
809 871
809 910
809 911
809 1005
809 814
809 818
809 909
809 829
809 903
809 837
809 863
809 945
809 815
809 906
809 824
809 850
809 947
809 865
809 881
184 773
184 394
184 196
184 509
184 515
184 195
184 777
184 517
184 413
184 800
184 185
184 973
184 506
184 500
184 201
184 493
184 497
184 368
184 548
184 554
184 187
184 491
184 407
184 668
114 504
114 502
114 719
114 656
114 505
114 147
114 503
114 141
114 785
114 575
114 115
114 479
114 150
114 288
114 499
114 501
114 798
114 520
349 701
349 357
349 898
349 510
349 380
349 359
349 360
349 715
349 501
591 860
591 997
591 600
591 839
591 808
591 766
591 852
591 592
591 1018
591 774
591 713
591 990
591 807
591 825
591 601
591 837
591 785
591 792
591 900
591 815
591 790
591 883
591 824
591 826
591 782
591 841
591 767
606 663
606 705
606 654
606 716
381 953
381 449
381 958
381 516
381 483
381 494
759 833
759 760
759 825
759 792
759 782
759 812
173 689
173 177
173 959
173 300
173 176
173 697
173 491
843 863
843 845
80 746
80 538
80 1016
80 936
363 558
363 965
363 570
363 550
363 566
363 511
363 640
363 495
363 366
343 508
343 526
343 681
343 568
343 537
343 344
343 536
343 741
343 561
343 1008
343 382
343 385
343 423
343 528
405 410
405 796
405 776
405 903
405 865
288 502
288 505
288 607
288 594
288 598
288 511
288 510
288 495
288 606
288 501
288 798
288 613
263 304
263 538
263 284
263 524
263 533
263 693
263 976
263 949
263 770
263 264
263 912
263 599
263 915
263 531
263 398
263 547
263 535
263 631
263 596
263 532
263 962
263 712
263 551
263 561
263 272
263 522
263 694
263 1023
263 917
263 266
217 612
217 713
217 427
217 283
217 404
217 292
217 432
217 762
217 709
217 429
217 705
217 589
737 758
737 790
102 584
102 701
102 341
102 896
102 418
102 353
102 354
102 136
102 550
102 999
102 510
102 900
102 380
102 360
102 349
102 715
102 501
102 589
102 140
84 464
84 96
84 119
84 86
84 342
84 481
84 575
84 456
84 864
84 469
84 174
84 484
84 118
84 460
84 120
84 799
84 103
84 468
84 85
932 938
932 953
932 955
932 976
932 933
932 956
932 943
648 901
648 653
648 896
648 907
648 899
648 766
648 931
648 930
648 1018
648 992
648 655
648 649
648 672
648 902
648 825
648 827
648 847
648 898
648 916
648 900
648 876
648 883
648 824
648 682
648 872
985 997
985 993
985 988
985 990
985 986
985 994
423 561
156 157
156 976
156 238
444 650
444 549
444 552
108 637
108 733
108 790
242 882
242 885
242 912
242 877
242 1017
242 883
242 581
242 346
242 286
1012 1015
554 608
199 813
199 534
199 216
199 908
199 817
199 987
199 665
199 754
199 422
199 612
199 750
199 508
199 661
199 259
199 924
199 533
199 871
199 482
199 689
199 907
199 509
199 515
199 419
199 369
199 982
199 513
199 224
199 213
199 756
199 277
199 238
199 878
199 205
199 820
199 749
199 202
199 211
199 611
199 629
199 636
199 617
199 607
199 776
199 413
199 596
199 744
199 619
199 904
199 214
199 615
199 496
199 641
199 739
199 303
199 903
199 959
199 485
199 647
199 603
199 207
199 519
199 539
199 602
199 755
199 206
199 300
199 1006
199 748
199 201
199 867
199 561
199 200
199 472
199 811
199 815
199 223
199 219
199 368
199 906
199 218
199 473
199 286
199 257
199 212
199 1023
199 622
199 616
199 799
199 738
199 465
199 234
199 917
199 436
199 697
199 530
199 975
199 405
199 423
199 467
199 527
199 229
199 866
199 491
199 375
199 208
199 608
199 210
199 597
199 734
199 819
199 668
199 626
199 367
87 204
87 637
87 88
87 924
87 161
87 582
87 95
87 224
87 93
87 105
87 238
87 203
87 575
87 162
87 115
87 154
87 118
87 286
87 108
87 155
5 746
5 538
5 284
5 490
5 1016
5 953
5 733
5 949
5 107
5 989
5 698
5 779
5 144
5 731
5 119
5 86
5 855
5 922
5 73
5 49
5 136
5 617
5 91
5 89
5 111
5 233
5 138
5 151
5 90
5 921
5 133
5 954
5 728
5 272
5 934
5 714
5 936
5 150
5 65
5 391
5 116
5 80
5 137
743 746
743 817
743 846
743 770
743 779
743 855
743 758
743 858
743 744
743 755
743 748
743 835
743 819
60 230
60 419
60 915
60 158
60 89
60 694
60 234
60 917
527 534
527 533
527 537
527 659
527 617
527 596
527 602
527 561
527 1023
527 530
527 554
527 664
527 608
527 626
525 979
525 529
525 857
525 935
918 934
918 919
918 1023
431 661
431 1002
431 512
431 515
431 505
431 662
431 434
431 503
431 898
431 556
431 510
431 450
431 606
431 654
431 613
229 750
229 752
664 722
664 673
590 908
590 665
590 1015
590 970
590 656
590 993
590 871
590 907
590 808
590 1005
590 717
590 614
590 814
590 592
590 713
590 990
590 965
590 672
590 941
590 629
590 607
590 596
590 594
590 786
590 598
590 640
590 593
590 739
590 601
590 999
590 785
590 863
590 945
590 900
590 954
590 651
590 762
590 906
590 709
590 883
590 947
590 826
590 622
590 616
590 595
590 845
590 809
590 591
590 606
590 843
590 937
590 654
590 597
590 798
590 613
590 996
590 881
66 813
66 534
66 817
66 1001
66 533
66 457
66 132
66 752
66 820
66 776
66 744
66 904
66 615
66 739
66 903
66 69
66 981
66 867
66 469
66 472
66 811
66 790
66 480
66 473
66 405
66 737
66 467
66 865
66 753
66 454
66 819
187 197
187 493
187 497
187 491
468 714
54 868
54 216
54 908
54 230
54 913
54 718
54 524
54 74
54 259
54 691
54 970
54 846
54 235
54 435
54 893
54 487
54 189
54 808
54 899
54 717
54 891
54 731
54 885
54 912
54 416
54 119
54 878
54 1013
54 158
54 655
54 672
54 136
54 427
54 58
54 858
54 535
54 695
54 690
54 532
54 62
54 292
54 543
54 476
54 847
54 916
54 425
54 90
54 875
54 370
54 954
54 61
54 551
54 372
54 333
54 934
54 971
54 371
54 437
54 883
54 694
54 391
54 116
54 332
54 577
54 873
54 788
54 917
54 975
54 60
54 468
54 835
54 866
54 914
54 252
804 818
782 860
782 997
782 955
782 852
782 1018
782 898
782 798
782 841
499 645
499 504
499 502
499 579
499 970
499 977
499 529
499 717
499 505
499 607
499 580
499 739
499 575
499 954
499 787
499 541
499 651
499 883
499 578
499 826
499 577
499 738
499 501
499 789
499 736
499 798
499 520
528 882
528 537
528 566
552 853
552 560
552 784
552 857
552 601
552 650
552 741
552 736
429 584
429 997
429 701
429 612
429 502
429 600
429 719
429 839
429 435
429 808
429 899
429 717
429 475
429 885
429 592
429 990
429 672
429 807
429 547
429 550
429 543
429 916
429 433
429 900
429 954
429 507
429 762
429 703
429 883
429 1004
429 687
429 577
429 591
429 606
429 715
429 705
429 501
429 716
429 706
429 798
429 613
429 430
678 750
678 924
678 949
678 806
678 856
678 731
678 952
678 942
678 679
678 945
678 954
678 876
678 936
678 826
669 679
669 945
630 868
630 663
630 953
630 635
630 641
835 846
835 858
835 850
866 982
866 878
866 890
914 953
914 928
914 976
914 988
914 931
914 915
914 916
914 1017
914 934
914 919
914 917
313 507
313 338
313 703
313 606
313 705
313 716
313 613
491 689
491 761
491 959
491 493
491 497
491 494
491 697
705 933
705 716
654 663
375 665
375 611
375 596
375 561
865 903
865 981
735 833
735 830
735 783
735 857
735 785
735 768
735 787
735 826
735 738
735 788
735 789
735 736
337 593
337 588
501 584
501 504
501 502
501 550
501 511
501 510
501 900
501 589
501 798
501 520
334 842
334 410
334 829
334 723
542 558
542 569
542 585
542 600
542 839
542 882
542 572
542 965
542 807
542 550
542 566
542 838
542 880
542 837
542 586
542 762
542 790
542 709
542 824
542 803
542 591
542 544
542 798
542 767
170 216
170 701
170 265
170 1003
170 976
170 689
170 189
170 264
170 213
170 692
170 912
170 756
170 238
170 225
170 547
170 267
170 283
170 641
170 933
170 244
170 207
170 246
170 253
170 700
170 218
170 215
170 697
170 217
170 932
170 715
170 705
170 208
170 245
170 220
170 172
170 724
170 266
170 396
170 226
208 754
208 778
208 756
208 765
208 219
208 218
208 812
208 724
245 938
245 604
245 296
245 572
245 638
245 271
245 933
245 603
245 299
245 287
245 380
245 932
245 943
608 892
608 769
608 776
608 771
608 712
608 1023
608 626
210 924
210 945
210 471
210 845
544 762
544 545
610 1000
610 665
610 844
610 663
610 653
610 1002
610 907
610 756
610 763
610 752
610 659
610 666
610 618
610 638
610 629
610 636
610 776
610 671
610 744
610 829
610 825
610 627
610 640
610 652
610 863
610 945
610 674
610 651
610 1014
610 646
610 694
610 722
610 828
610 917
610 843
610 664
610 669
610 654
610 753
610 724
610 623
610 668
610 673
610 626
610 667
711 868
711 967
711 953
711 958
711 964
711 974
711 933
711 961
711 919
711 966
711 1004
711 969
711 716
109 585
109 896
109 132
109 733
109 135
109 128
109 537
109 763
109 148
109 758
109 984
109 145
109 1012
851 853
851 955
851 852
753 820
753 755
753 981
753 865
194 482
194 738
220 362
220 953
220 516
220 225
220 283
220 705
220 226
252 718
252 891
252 1013
252 915
252 671
597 665
597 913
597 924
597 870
597 970
597 905
597 882
597 911
597 742
597 885
597 607
597 619
597 904
597 739
597 903
597 745
597 1017
597 945
597 867
597 883
597 850
597 622
597 845
597 917
597 809
597 843
597 865
597 881
172 612
172 189
172 180
172 713
172 427
172 283
172 404
172 292
172 432
172 762
172 709
172 429
172 705
172 589
110 284
110 498
110 699
110 418
110 733
110 139
110 142
110 276
110 698
110 144
110 635
110 267
110 974
110 138
110 253
110 696
110 507
110 919
110 145
110 966
110 1004
110 708
110 711
110 226
110 140
442 585
442 884
442 658
442 566
442 528
442 881
97 126
97 295
97 888
97 602
97 386
97 581
97 489
734 813
734 750
734 833
734 887
734 752
734 758
734 820
734 823
734 838
734 761
734 959
734 755
734 981
734 748
734 762
734 790
734 738
734 737
734 865
734 753
2 868
2 216
2 126
2 637
2 83
2 74
2 88
2 56
2 953
2 330
2 59
2 699
2 976
2 418
2 139
2 142
2 276
2 275
2 988
2 689
2 4
2 96
2 345
2 779
2 537
2 144
2 264
2 213
2 692
2 885
2 105
2 912
2 119
2 86
2 81
2 758
2 136
2 7
2 635
2 611
2 617
2 535
2 695
2 352
2 89
2 111
2 82
2 624
2 496
2 46
2 62
2 292
2 641
2 233
2 90
2 602
2 386
2 481
2 696
2 875
2 456
2 98
2 61
2 372
2 293
2 488
2 302
2 145
2 714
2 391
2 116
2 483
2 708
2 873
2 103
2 697
2 737
2 108
2 5
2 630
2 914
2 110
2 97
2 48
2 137
2 140
11 15
11 12
559 817
559 780
559 754
559 1001
559 560
559 562
559 614
559 778
559 756
559 974
559 596
559 744
559 829
559 765
559 848
559 561
559 674
559 723
559 722
559 730
559 1023
559 804
559 812
559 724
559 819
559 673
706 707
706 839
706 889
706 885
706 713
706 940
706 807
706 720
706 900
706 709
706 715
706 812
155 534
155 216
155 175
155 987
155 665
155 166
155 913
155 422
155 232
155 204
155 612
155 157
155 459
155 579
155 750
155 308
155 164
155 637
155 394
155 169
155 181
155 870
155 970
155 486
155 191
155 458
155 693
155 163
155 656
155 871
155 248
155 482
155 582
155 882
155 438
155 689
155 426
155 529
155 317
155 369
155 806
155 982
155 195
155 742
155 717
155 856
155 180
155 213
155 885
155 599
155 439
155 277
155 209
155 878
155 517
155 190
155 752
155 247
155 158
155 159
155 820
155 749
155 455
155 271
155 607
155 986
155 165
155 344
155 461
155 596
155 214
155 973
155 627
155 503
155 580
155 192
155 292
155 641
155 177
155 739
155 303
155 959
155 745
155 942
155 485
155 647
155 785
155 168
155 281
155 425
155 539
155 628
155 755
155 981
155 1017
155 575
155 300
155 370
155 1006
155 954
155 228
155 748
155 441
155 390
155 712
155 188
155 167
155 200
155 174
155 815
155 223
155 171
155 347
155 176
155 651
155 371
155 762
155 790
155 906
155 639
155 883
155 522
155 632
155 850
155 160
155 581
155 936
155 257
155 576
155 578
155 826
155 622
155 577
155 738
155 465
155 697
155 530
155 173
155 975
155 217
155 156
155 242
155 554
155 199
155 229
155 499
155 528
155 678
155 866
155 491
155 375
155 865
155 210
155 753
155 597
155 172
155 734
155 198
155 1011
155 367
453 987
453 913
453 524
453 1016
453 464
453 533
453 893
453 988
453 689
453 770
453 989
453 717
453 779
453 476
453 456
453 712
453 775
453 577
453 697
453 737
395 761
395 489
395 494
395 491
454 534
454 740
454 540
454 533
454 457
454 979
454 769
454 795
454 802
454 820
454 771
454 869
454 838
454 857
454 741
454 469
454 790
454 480
454 473
454 935
454 799
454 822
454 737
454 525
724 778
724 756
724 765
724 812
623 665
623 645
623 750
623 1010
623 644
623 637
623 653
623 846
623 693
623 893
623 656
623 976
623 949
623 770
623 795
623 625
623 806
623 731
623 692
623 912
623 915
623 752
623 655
623 820
623 749
623 638
623 635
623 629
623 636
623 776
623 671
623 631
623 670
623 744
623 662
623 633
623 825
623 624
623 641
623 952
623 657
623 647
623 877
623 628
623 755
623 962
623 968
623 634
623 876
623 639
623 632
623 821
623 826
623 822
623 917
623 678
623 630
623 753
623 872
623 626
589 701
589 713
589 900
589 709
589 715
589 706
819 1001
819 858
819 981
9 216
9 908
9 164
9 209
9 52
9 158
9 64
9 522
9 917
9 865
736 977
736 784
736 785
736 787
736 738
736 789
85 813
85 204
85 126
85 508
85 661
85 96
85 513
85 122
85 119
85 659
85 617
85 607
85 129
85 973
85 89
85 615
85 496
85 739
85 127
85 485
85 519
85 602
85 481
85 575
85 864
85 484
85 118
85 1023
85 799
85 103
85 436
85 527
85 626
266 604
266 692
266 547
266 267
266 974
266 477
266 724
266 563
266 673
327 376
327 329
327 611
327 720
327 373
327 812
407 773
407 508
407 446
407 512
407 509
407 777
407 800
407 556
407 595
407 605
243 260
243 409
243 563
48 600
48 56
48 330
48 839
48 733
48 885
48 758
48 807
48 91
48 292
48 293
48 488
48 790
48 709
48 737
48 108
872 893
872 915
872 874
564 604
137 733
137 770
137 391
879 896
879 928
879 882
879 884
879 931
879 885
879 912
879 887
879 904
879 888
879 1017
879 883
879 914
396 701
396 435
396 976
396 988
396 689
396 770
396 891
396 778
396 692
396 912
396 400
396 417
396 713
396 398
396 547
396 772
396 404
396 401
396 956
396 697
396 932
396 715
396 409
396 724
798 860
668 907
925 1022
925 940
925 994
18 584
18 665
18 644
18 181
18 88
18 889
18 369
18 203
18 344
18 352
18 20
18 57
18 44
18 29
18 370
18 390
18 712
18 347
18 371
18 581
18 576
18 375
18 19
18 367
563 604
841 1018
841 847
19 801
19 224
19 856
19 344
19 347
886 889
886 982
886 986
886 890
886 959
886 888
886 994
673 974
673 722
862 1001
862 993
862 1005
862 981
862 985
383 701
383 600
383 707
383 953
383 940
383 726
383 611
383 680
383 624
383 933
383 384
383 720
383 729
383 687
383 483
383 956
383 932
383 715
383 812
383 706
383 589
626 661
626 795
626 659
626 1023
583 938
583 658
583 607
583 594
583 598
583 898
583 798
291 569
291 600
291 910
291 852
291 310
291 1022
291 572
291 688
291 684
291 603
291 685
291 586
291 832
291 687
291 956
291 925
193 422
193 482
193 311
193 515
193 319
193 283
193 506
193 500
193 338
193 548
193 339
193 738
193 313
193 705
193 194
667 675
667 931
667 763
667 671
667 670
667 744
667 829
667 669
667 673
613 663
613 705
613 654
613 716
226 933
767 860
767 997
767 944
767 839
767 993
767 1005
767 990
767 807
767 986
767 837
767 859
767 790
767 824
767 985
767 798
430 585
430 839
430 808
430 766
430 1018
430 837
430 900
430 762
430 709
430 883
430 824
430 591
430 798
430 841
520 996
140 997
140 284
140 701
140 265
140 896
140 719
140 435
140 699
140 733
140 142
140 189
140 899
140 698
140 144
140 713
140 427
140 547
140 283
140 404
140 292
140 543
140 141
140 999
140 916
140 246
140 433
140 253
140 432
140 507
140 703
140 709
140 145
140 714
140 150
140 1004
140 687
140 391
140 312
140 708
140 606
140 217
140 715
140 429
140 313
140 705
140 716
140 172
140 589
140 613
367 665
367 369
367 611
367 596
367 370
367 561
367 371
421 504
421 515
421 760
421 505
421 511
421 434
421 450
421 606
421 423
421 431
421 654
421 501
421 613
421 520